time,latitude,longitude,depth,mag,magType,nst,gap,dmin,rms,net,id,updated,place,type,horizontalError,depthError,magError,magNst,status,locationSource,magSource
2005-10-30T23:57:53.830Z,-32.247,-177.903,10,4.4,mb,10,196.4,,1.19,us,usp000e361,2014-11-07T01:27:30.597Z,"south of the Kermadec Islands",earthquake,,,,1,reviewed,us,us
2005-10-30T23:48:43.500Z,38.14,26.57,25,3.3,md,5,127.5,,,us,usp000e360,2014-11-07T01:27:30.596Z,"23 km SE of Alaçat?, Turkey",earthquake,,,,,reviewed,ath,ath
2005-10-30T23:35:22.250Z,-32.296,-178.168,10,4.5,mb,5,232.8,,1.41,us,usp000e35z,2014-11-07T01:27:30.595Z,"south of the Kermadec Islands",earthquake,,0,,1,reviewed,us,us
2005-10-30T23:26:55.430Z,2.497,128.859,21.8,4.6,mb,22,148.3,,0.67,us,usp000e35y,2014-11-07T01:27:30.593Z,"127 km NE of Tobelo, Indonesia",earthquake,,,,8,reviewed,us,us
2005-10-30T23:15:59.230Z,35.0775,-116.9926667,3.455,2.74,ml,58,32,0.1135,0.16,ci,ci10150905,2016-03-08T00:16:23.224Z,"20km N of Barstow, CA",earthquake,0.16,0.33,0.172,157,reviewed,ci,ci
2005-10-30T23:12:46.300Z,41.6,24.02,3,3.3,md,4,215,,,us,usp000e35x,2014-11-07T01:27:30.592Z,"3 km ESE of Satovcha, Bulgaria",earthquake,,,,,reviewed,ath,ath
2005-10-30T21:57:59.939Z,63.2959,-151.1263,7.8,2.5,ml,,,,0.93,ak,ak005dxgolrt,2019-02-13T03:37:58.532Z,"40 km SE of Denali National Park, Alaska",earthquake,,0.4,,,reviewed,ak,ak
2005-10-30T21:52:55.300Z,35.078,-119.0626667,10.982,2.63,ml,52,37,0.1093,0.37,ci,ci10150893,2016-03-07T23:33:11.764Z,"19km NW of Grapevine, CA",earthquake,0.39,1.31,0.118,90,reviewed,ci,ci
2005-10-30T21:51:45.930Z,35.0838333,-119.0733333,11.758,2.74,ml,46,38,0.1151,0.39,ci,ci10150889,2016-03-07T22:50:56.965Z,"20km NW of Grapevine, CA",earthquake,0.5,1.08,0.131,167,reviewed,ci,ci
2005-10-30T21:37:45.670Z,1.691,97.128,26.2,4.7,mwc,63,119.2,,0.82,us,usp000e35v,2016-11-09T05:59:49.306Z,"98 km SW of Singkil, Indonesia",earthquake,,,,,reviewed,us,hrv
2005-10-30T20:22:24.158Z,51.5284,177.2756,27.7,3,ml,,,,0.5,ak,ak005dxfvlcf,2019-02-13T03:38:03.195Z,"Rat Islands, Aleutian Islands, Alaska",earthquake,,85.3,,,reviewed,ak,ak
2005-10-30T20:10:40.400Z,-36.629,-73.721,25.6,3.4,ml,8,309,,,us,usp000e35u,2014-11-07T01:27:30.581Z,"55 km WNW of Talcahuano, Chile",earthquake,,,,,reviewed,guc,guc
2005-10-30T20:03:29.400Z,-33.311,-71.359,52,3.4,md,12,173.9,,,us,usp000e35t,2014-11-07T01:27:30.579Z,"29 km S of Villa Alemana, Chile",earthquake,,,,,reviewed,guc,guc
2005-10-30T19:09:46.800Z,38.528,15.926,23.8,3.6,ml,25,109.8,,,us,usp000e35s,2014-11-07T01:27:30.576Z,"2 km SSW of Nicotera, Italy",earthquake,,,,,reviewed,rom,rom
2005-10-30T19:07:10.020Z,54.222,-162.473,4.3,3.3,ml,30,217.6,,,us,usp000e35r,2019-02-13T03:37:57.255Z,"92 km SE of False Pass, Alaska",earthquake,,,,,reviewed,aeic,aeic
2005-10-30T18:29:10.600Z,45.817,26.775,71.7,3,m,9,153.4,,,us,usp000e35q,2014-11-07T01:27:30.570Z,"1 km SSW of N?ruja, Romania",earthquake,,,,,reviewed,buc,buc
2005-10-30T18:12:39.710Z,52.593,-171.182,98.5,3.2,m,17,185.3,,,us,usp000e35p,2019-02-13T03:37:55.991Z,"161 km WSW of Nikolski, Alaska",earthquake,,,,,reviewed,aeic,aeic
2005-10-30T17:48:32.400Z,38.14,26.5,21,3.5,md,4,157.3,,,us,usp000e35n,2014-11-07T01:27:30.554Z,"19 km SE of Alaçat?, Turkey",earthquake,,,,,reviewed,ath,isk
2005-10-30T17:32:50.620Z,-20.715,-178.464,573.1,4.5,mb,22,147,,0.89,us,usp000e35k,2014-11-07T01:27:30.550Z,"Fiji region",earthquake,,11.7,,9,reviewed,us,us
2005-10-30T17:31:58.440Z,36.107,139.707,64.3,4.4,mb,26,133.9,,0.51,us,usp000e35j,2014-11-07T01:27:30.547Z,"2 km SSE of Kurihashi, Japan",earthquake,,6.7,,7,reviewed,us,us
2005-10-30T17:03:51.800Z,37.6,20.9,12,3.9,ml,12,210.1,,,us,usp000e35h,2014-11-07T01:27:30.546Z,"14 km SSE of Lithakiá, Greece",earthquake,,,,,reviewed,ath,ath
2005-10-30T17:01:40.310Z,52.84,158.203,116,4.8,mb,170,104.5,,0.69,us,usp000e35g,2014-11-07T01:27:30.531Z,"14 km SSW of Paratunka, Russia",earthquake,,,,90,reviewed,us,us
2005-10-30T16:56:26.520Z,32.1008333,-115.7951667,6.682,2.64,ml,12,263,0.5554,0.31,ci,ci10150825,2016-03-07T23:55:12.275Z,"57km SSW of Progreso, B.C., MX",earthquake,1.47,27.25,0.362,48,reviewed,ci,ci
2005-10-30T16:23:29.500Z,43.205,13.671,1.1,2.7,ml,27,150.4,,,us,usp000e35f,2014-11-07T01:27:30.527Z,"1 km NNE of Monte Urano, Italy",earthquake,,,,,reviewed,rom,ldg
2005-10-30T16:03:50.200Z,-36.934,-74.336,24,4.2,ml,12,250.9,,,us,usp000e35e,2014-11-07T01:27:30.524Z,"96 km NW of Lebu, Chile",earthquake,,,,,reviewed,guc,guc
2005-10-30T14:24:33.700Z,30.311,101.408,10,4.8,mb,47,104.2,,0.75,us,usp000e35d,2014-11-07T01:27:30.518Z,"62 km WNW of Kangding, China",earthquake,,,,18,reviewed,us,us
2005-10-30T14:05:17.810Z,3.861,96.019,30,4.3,mb,9,211.2,,0.47,us,usp000e35c,2014-11-07T01:27:30.516Z,"33 km SSW of Meulaboh, Indonesia",earthquake,,,,1,reviewed,us,us
2005-10-30T13:42:50.280Z,-16.554,-172.816,10,5,mwc,68,48,,1.07,us,usp000e35b,2025-12-19T23:25:09.944Z,"124 km ESE of Hihifo, Tonga",earthquake,,,,,reviewed,us,hrv
2005-10-30T13:41:53.800Z,36.057,11.944,12.5,3.3,ml,6,297.6,,,us,usp000e35a,2014-11-07T01:27:30.479Z,"82 km S of Kamma, Italy",earthquake,,,,,reviewed,rom,rom
2005-10-30T13:08:18.890Z,-16.527,-172.776,10,5.7,mwb,165,48,,0.93,us,usp000e359,2022-05-02T18:05:31.538Z,"126 km ESE of Hihifo, Tonga",earthquake,,,,,reviewed,us,us
2005-10-30T12:55:27.680Z,-17.72,-178.501,553.5,4,mb,19,180.3,,0.84,us,usp000e358,2014-11-07T01:27:30.463Z,"234 km E of Levuka, Fiji",earthquake,,12.3,,9,reviewed,us,us
2005-10-30T12:06:18.300Z,-34.996,-70.35,20.6,2.5,ml,9,298.6,,,us,usp000e357,2014-11-07T01:27:30.461Z,"70 km ESE of Chimbarongo, Chile",earthquake,,,,,reviewed,guc,guc
2005-10-30T12:03:45.790Z,23.421,143.359,36.5,4.8,mwc,61,47,,0.86,us,usp000e356,2016-11-10T01:13:53.451Z,"Volcano Islands, Japan region",earthquake,,24.7,,,reviewed,us,hrv
2005-10-30T11:26:54.600Z,-33.694,-70.924,71,2.5,md,6,158.9,,,us,usp000e354,2014-11-07T01:27:30.452Z,"3 km S of Talagante, Chile",earthquake,,,,,reviewed,guc,guc
2005-10-30T11:08:12.490Z,18.248,-67.426,80.5,2.8,md,9,285.3,,,us,usp000e353,2014-11-07T01:27:30.450Z,"20 km WSW of Stella, Puerto Rico",earthquake,,,,,reviewed,rspr,rspr
2005-10-30T10:19:51.600Z,-31.076,-70.43,131.8,2.9,md,8,201.3,,,us,usp000e352,2014-11-07T01:27:30.448Z,"65 km SE of Monte Patria, Chile",earthquake,,,,,reviewed,guc,guc
2005-10-30T09:59:59.100Z,16.267,-98.491,5,3.7,md,4,224.4,,,us,usp000e351,2014-11-07T01:27:30.447Z,"9 km SSW of Santiago Tepextla, Mexico",earthquake,,,,,reviewed,unm,unm
2005-10-30T09:46:09.000Z,38.159,26.576,7.9,3.4,ml,4,167.5,,,us,usp000e350,2014-11-07T01:27:30.446Z,"22 km SE of Alaçat?, Turkey",earthquake,,,,,reviewed,isk,isk
2005-10-30T09:27:11.590Z,33.888,88.748,50.2,4.6,mb,59,95.6,,1.18,us,usp000e34z,2014-11-07T01:27:30.441Z,"western Xizang",earthquake,,9.2,,13,reviewed,us,us
2005-10-30T09:13:19.560Z,51.545,16.079,5,2.9,ml,14,216.7,,0.77,us,usp000e34y,2014-11-07T01:27:30.438Z,"4 km N of Polkowice, Poland",earthquake,,,,,reviewed,us,grf
2005-10-30T08:30:08.970Z,27.85,87.993,85.5,3.9,mb,21,126.7,,0.62,us,usp000e34x,2014-11-07T01:27:30.435Z,"64 km NW of Mangan, India",earthquake,,,,3,reviewed,us,us
2005-10-30T08:13:10.480Z,-5.437,151.546,75.9,4.3,mb,14,125.8,,0.82,us,usp000e34w,2014-11-07T01:27:30.433Z,"145 km SSW of Kokopo, Papua New Guinea",earthquake,,21.9,,4,reviewed,us,us
2005-10-30T07:00:31.375Z,52.2306,-176.1336,156,2.6,ml,,,,0.39,ak,ak005dx809a9,2019-02-13T03:38:01.095Z,"52 km NE of Adak, Alaska",earthquake,,4.2,,,reviewed,ak,ak
2005-10-30T06:57:55.530Z,51.204,-174.403,40.1,2.8,ml,10,281.3,,,us,usp000e34v,2019-02-13T03:38:00.715Z,"111 km S of Atka, Alaska",earthquake,,,,,reviewed,aeic,aeic
2005-10-30T06:38:53.190Z,43.386,-127.211,10,4.2,mb,79,192.7,,0.8,us,usp000e34u,2014-11-07T01:27:30.425Z,"229 km W of Bandon, Oregon",earthquake,,,,3,reviewed,us,us
2005-10-30T06:27:59.120Z,51.421,-178.128,42.5,2.8,ml,13,338.3,,,us,usp000e34t,2019-02-13T03:37:54.350Z,"115 km WSW of Adak, Alaska",earthquake,,,,,reviewed,aeic,aeic
2005-10-30T06:20:33.373Z,51.2918,178.789,6.7,2.5,ml,,,,0.38,ak,ak005dx7j45l,2019-02-13T03:38:00.371Z,"Rat Islands, Aleutian Islands, Alaska",earthquake,,10.2,,,reviewed,ak,ak
2005-10-30T06:14:54.480Z,43.23,-127.45,10,2.8,mb,36,285.1,,0.54,us,usp000e34s,2014-11-07T01:27:30.421Z,"246 km W of Langlois, Oregon",earthquake,,,,1,reviewed,us,us
2005-10-30T06:06:49.700Z,37.623,15.061,8,3.6,ml,19,100.1,,,us,usp000e34r,2014-11-07T01:27:30.419Z,"0 km ESE of Pedara, Italy",earthquake,,,,,reviewed,rom,rom
2005-10-30T05:42:11.700Z,37.616,15.063,6.6,3.1,ml,10,100.4,,,us,usp000e34q,2014-11-07T01:27:30.417Z,"1 km SSE of Pedara, Italy",earthquake,,,,,reviewed,rom,rom
2005-10-30T05:37:41.000Z,38.14,26.51,22,3.7,ml,7,103.6,,,us,usp000e34p,2014-11-07T01:27:30.416Z,"19 km SE of Alaçat?, Turkey",earthquake,,,,,reviewed,ath,ath
2005-10-30T05:29:54.850Z,51.272,-174.227,59.7,2.6,ml,7,291.5,,,us,usp000e34n,2019-02-13T03:38:00.088Z,"102 km S of Atka, Alaska",earthquake,,,,,reviewed,aeic,aeic
2005-10-30T04:27:30.600Z,43.145,-127.7,10,3,mb,31,286.6,,0.56,us,usp000e34m,2014-11-07T01:27:30.412Z,"265 km W of Port Orford, Oregon",earthquake,,,,1,reviewed,us,us
2005-10-30T04:14:14.910Z,4.836,-82.657,10,4.7,mb,46,76.7,,1.37,us,usp000e34k,2014-11-07T01:27:30.407Z,"south of Panama",earthquake,,,,12,reviewed,us,us
2005-10-30T03:51:40.340Z,37.4935,-118.837,1.735,2.51,md,40,129,0.06396,0.06,nc,nc21492437,2017-01-12T23:35:28.980Z,"12 km WSW of Aspen Springs, California",earthquake,0.28,0.69,0.18,40,reviewed,nc,nc
2005-10-30T03:33:57.630Z,51.528,-177.538,25.2,2.9,ml,14,317.8,,,us,usp000e34j,2019-02-13T03:37:53.889Z,"73 km WSW of Adak, Alaska",earthquake,,,,,reviewed,aeic,aeic
2005-10-30T02:39:48.910Z,11.133,-61.611,16,3,md,4,188.2,,,us,usp000e34g,2014-11-07T01:27:30.402Z,"48 km N of Petit Valley, Trinidad and Tobago",earthquake,,,,,reviewed,trn,trn
2005-10-30T01:49:00.270Z,-21.269,-68.731,150.5,3.8,mb,9,118.3,,0.96,us,usp000e34f,2014-11-07T01:27:30.400Z,"133 km N of Calama, Chile",earthquake,,13.4,,3,reviewed,us,us
2005-10-30T01:45:17.100Z,41.54,23.25,22,3.3,md,9,76.6,,,us,usp000e34e,2014-11-07T01:27:30.399Z,"4 km SW of Sandanski, Bulgaria",earthquake,,,,,reviewed,ath,ath
2005-10-30T01:37:23.210Z,36.045,-7.584,18.6,2.5,mblg,28,252.6,,,us,usp000e34d,2014-11-07T01:27:30.395Z,"111 km SSE of Olhão, Portugal",earthquake,,,,,reviewed,mdd,mdd
2005-10-30T00:54:50.170Z,54.822,-162.951,101.3,2.5,m,15,185.9,,,us,usp000e34c,2019-02-13T03:37:59.359Z,"29 km E of False Pass, Alaska",earthquake,,,,,reviewed,aeic,aeic
2005-10-30T00:50:44.400Z,37.4673333,-118.837,4.352,3.1,ml,43,77,0.08198,0.08,nc,nc21492415,2017-01-12T23:34:18.520Z,"14 km SW of Aspen Springs, California",earthquake,0.3,0.95,,4,reviewed,nc,nc
2005-10-30T00:33:35.290Z,37.4658333,-118.8371667,4.15,3.25,md,45,77,0.08288,0.07,nc,nc21492413,2017-01-12T23:34:03.620Z,"14 km SW of Aspen Springs, California",earthquake,0.31,0.97,0.09,72,reviewed,nc,nc
2005-10-29T23:46:20.700Z,33.034,-83.156,17.1,2.5,md,,,,,se,se605960,2016-04-11T13:15:40.270Z,"7 km ESE of Hardwick, Georgia",earthquake,1.7,1.1,,,reviewed,se,se
2005-10-29T23:43:07.200Z,-38.58,175.85,148,4,m,34,148.7,,,us,usp000e349,2014-11-07T01:27:30.384Z,"23 km WNW of Taupo, New Zealand",earthquake,,,,,reviewed,wel,wel
2005-10-29T23:34:39.000Z,38.108,26.746,9.4,3.8,ml,15,75.5,,,us,usp000e348,2014-11-07T01:27:30.382Z,"12 km SW of Seferihisar, Turkey",earthquake,,,,,reviewed,isk,isk
2005-10-29T23:32:14.100Z,37.69,20.9,16,3.3,md,5,211.7,,,us,usp000e347,2014-11-07T01:27:30.381Z,"6 km ESE of Lithakiá, Greece",earthquake,,,,,reviewed,ath,ath
2005-10-29T23:32:10.440Z,29.525,81.577,48.5,4.6,mb,37,94.2,,0.85,us,usp000e346,2014-11-07T01:27:30.377Z,"65 km WNW of Jumla, Nepal",earthquake,,9.5,,8,reviewed,us,us
2005-10-29T23:16:47.364Z,62.7363,-149.6871,76.4,4.3,mb,,,,0.68,ak,ak005dvu3b5s,2019-02-13T03:37:46.286Z,"38 km NE of Chase, Alaska",earthquake,,1.9,,,reviewed,ak,ak
2005-10-29T22:29:04.690Z,-23.57,179.877,549.8,5.2,mwc,147,38.3,,0.86,us,usp000e344,2025-12-19T23:23:40.111Z,"south of the Fiji Islands",earthquake,,,,,reviewed,us,hrv
2005-10-29T22:22:11.600Z,17.208,-100.958,16.1,4,md,7,201.8,,,us,usp000e343,2014-11-07T01:27:30.347Z,"9 km SW of San Luis de La Loma, Mexico",earthquake,,,,,reviewed,unm,unm
2005-10-29T21:00:56.000Z,38.124,26.711,11.3,3.5,md,5,182.8,,,us,usp000e342,2014-11-07T01:27:30.346Z,"Near the coast of western Turkey",earthquake,,,,,reviewed,isk,ath
2005-10-29T20:55:18.760Z,-24.094,-66.79,135.2,3.8,mb,6,96.7,,0.93,us,usp000e341,2014-11-07T01:27:30.345Z,"49 km WNW of San Antonio de los Cobres, Argentina",earthquake,,50.5,,2,reviewed,us,us
2005-10-29T20:50:55.010Z,2.666,127.132,15,4.6,mb,23,177.9,,0.92,us,usp000e340,2014-11-07T01:27:30.342Z,"142 km NW of Tobelo, Indonesia",earthquake,,0,,7,reviewed,us,us
2005-10-29T20:20:50.440Z,-3.265,128.805,30,4.3,mb,11,176.9,,1.33,us,usp000e33z,2014-11-07T01:27:30.341Z,"15 km WNW of Amahai, Indonesia",earthquake,,,,4,reviewed,us,us
2005-10-29T20:17:00.480Z,-3.421,129.318,30,4,mb,7,192.9,,1.7,us,usp000e33y,2014-11-07T01:27:30.339Z,"45 km ESE of Amahai, Indonesia",earthquake,,,,3,reviewed,us,us
2005-10-29T19:49:28.000Z,38.131,26.647,5.4,4.1,ml,45,53.6,,,us,usp000e33x,2014-11-07T01:27:30.335Z,"18 km WSW of Seferihisar, Turkey",earthquake,,,,,reviewed,isk,isk
2005-10-29T19:17:48.470Z,21.831,142.919,292.6,4.1,mb,17,140.6,,1.06,us,usp000e33w,2014-11-07T01:27:30.333Z,"Mariana Islands region",earthquake,,35.3,,2,reviewed,us,us
2005-10-29T18:55:21.040Z,14.477,-92.089,58.4,4.4,mb,43,139.9,,1.34,us,usp000e33v,2014-11-07T01:27:30.329Z,"11 km ESE of Ocós, Guatemala",earthquake,,,,13,reviewed,us,us
2005-10-29T18:48:06.500Z,46.166,150.981,9.8,4.6,mb,14,224,,1.03,us,usp000e33u,2014-11-07T01:27:30.327Z,"263 km ENE of Kuril’sk, Russia",earthquake,,36.5,,2,reviewed,us,us
2005-10-29T18:36:37.600Z,35.788,11.254,12.5,3.4,ml,6,273.7,,,us,usp000e33t,2014-11-07T01:27:30.326Z,"30 km NE of Bekalta, Tunisia",earthquake,,,,,reviewed,rom,rom
2005-10-29T18:22:01.210Z,-7.303,146.068,178.9,4.5,mb,26,74.6,,1.02,us,usp000e33s,2014-11-07T01:27:30.324Z,"64 km W of Bulolo, Papua New Guinea",earthquake,,13.4,,9,reviewed,us,us
2005-10-29T18:16:51.200Z,35.917,11.298,12.5,3.4,ml,8,270.7,,,us,usp000e33r,2014-11-07T01:27:30.323Z,"43 km NE of Bekalta, Tunisia",earthquake,,,,,reviewed,rom,rom
2005-10-29T17:45:34.490Z,36.041,71.212,10,3.6,mb,10,205.9,,1.34,us,usp000e33q,2014-11-07T01:27:30.321Z,"Afghanistan-Tajikistan-Pakistan region",earthquake,,,,1,reviewed,us,us
2005-10-29T17:44:23.400Z,64.5956,-159.7248,3.5,3.1,ml,,,,1.45,ak,ak005dvqonqc,2019-02-13T03:37:44.778Z,"56 km WNW of Kaltag, Alaska",earthquake,,433.5,,,reviewed,ak,ak
2005-10-29T17:42:12.930Z,62.3781,-148.2458,22.1,3.2,ml,,,,0.88,ak,ak005dvqo7hp,2019-02-13T03:37:44.272Z,"65 km N of Chickaloon, Alaska",earthquake,,3.1,,,reviewed,ak,ak
2005-10-29T17:17:33.180Z,54.377,-163.803,72.5,2.5,m,17,197.9,,,us,usp000e33k,2019-02-13T03:37:51.220Z,"58 km SSW of False Pass, Alaska",earthquake,,,,,reviewed,aeic,aeic
2005-10-29T17:06:47.810Z,15.46,-60.341,33,4.2,mb,25,208.1,,,us,usp000e33j,2014-11-07T01:27:30.307Z,"Leeward Islands",earthquake,,,,6,reviewed,trn,us
2005-10-29T16:52:50.900Z,33.896,88.881,9.4,4.8,mwc,61,65.9,,0.87,us,usp000e33h,2016-11-10T01:13:52.058Z,"western Xizang",earthquake,,,,,reviewed,us,hrv
2005-10-29T16:33:12.930Z,-19.383,-176.453,15.5,5.1,mwc,104,75.9,,1.29,us,usp000e33g,2025-12-19T22:39:09.967Z,"225 km WNW of Pangai, Tonga",earthquake,,,,,reviewed,us,hrv
2005-10-29T16:30:35.000Z,-32.644,-71.105,16.7,3.4,md,4,191.4,,,us,usp000e33f,2014-11-07T01:27:30.285Z,"18 km NE of Hacienda La Calera, Chile",earthquake,,,,,reviewed,guc,guc
2005-10-29T16:15:38.000Z,38.3,26.703,14.5,3.8,ml,7,189.2,,,us,usp000e33e,2014-11-07T01:27:30.284Z,"5 km WSW of Urla, Turkey",earthquake,,,,,reviewed,isk,ath
2005-10-29T16:13:57.800Z,46.1953333,-122.1953333,-1.591,2.7,md,17,73,,0.08,uw,uw10687078,2016-07-22T22:00:22.510Z,"37 km NNE of Amboy, Washington",earthquake,0.234,0.39,0.03,6,reviewed,uw,uw
2005-10-29T15:56:27.940Z,34.421,73.628,10,4.8,mb,139,57.9,,0.79,us,usp000e33c,2022-05-02T18:05:25.716Z,"15 km ENE of Muzaffar?b?d, Pakistan",earthquake,,,,65,reviewed,us,us
2005-10-29T15:54:59.420Z,53.26,-162.089,35,2.8,ml,11,262.8,,0.45,us,usp000e33b,2019-02-13T03:37:50.835Z,"197 km SSE of False Pass, Alaska",earthquake,,,,,reviewed,us,aeic
2005-10-29T15:54:22.000Z,38.07,26.49,25,3.1,md,4,150.8,,,us,usp000e33a,2014-11-07T01:27:30.269Z,"25 km SSE of Alaçat?, Turkey",earthquake,,,,,reviewed,ath,ath
2005-10-29T14:48:41.000Z,38.101,26.636,14.2,4,mb,91,37.2,,,us,usp000e339,2014-11-07T01:27:30.262Z,"Near the coast of western Turkey",earthquake,,,,17,reviewed,isk,us
2005-10-29T14:42:24.980Z,34.67,73.053,10,3.7,mb,35,97.4,,0.81,us,usp000e338,2014-11-07T01:27:30.259Z,"2 km ESE of Battagram, Pakistan",earthquake,,,,7,reviewed,us,us
2005-10-29T14:23:24.500Z,34.508,73.362,10,4.3,mb,40,58.7,,0.91,us,usp000e337,2014-11-07T01:27:30.255Z,"Pakistan",earthquake,,,,10,reviewed,us,us
2005-10-29T14:04:06.400Z,38.637,17.085,31.3,3.2,md,7,229.4,,,us,usp000e336,2014-11-07T01:27:30.254Z,"29 km S of Capo Rizzuto, Italy",earthquake,,,,,reviewed,rom,rom
2005-10-29T13:44:04.630Z,54.215,159.96,10,4.5,mb,13,110.4,,0.91,us,usp000e335,2014-11-07T01:27:30.252Z,"102 km ESE of Mil’kovo, Russia",earthquake,,0,,2,reviewed,us,us
2005-10-29T13:43:42.030Z,-11.573,166.309,71.2,4.8,mb,37,111,,0.7,us,usp000e334,2014-11-07T01:27:30.248Z,"109 km SSE of Lata, Solomon Islands",earthquake,,8.7,,11,reviewed,us,us
2005-10-29T13:10:50.640Z,52.728,-168.341,26.3,2.7,ml,6,264.7,,,us,usp000e333,2019-02-13T03:37:50.463Z,"42 km SE of Nikolski, Alaska",earthquake,,,,,reviewed,aeic,aeic
2005-10-29T13:10:35.680Z,38.747,-0.677,10.5,2.5,mblg,24,113.2,,,us,usp000e332,2014-11-07T01:27:30.242Z,"Spain",earthquake,,,,,reviewed,mdd,mdd
2005-10-29T12:46:16.760Z,34.534,73.134,10,3.6,mb,18,203.9,,1.07,us,usp000e331,2014-11-07T01:27:30.240Z,"13 km NW of Baffa, Pakistan",earthquake,,,,7,reviewed,us,us
2005-10-29T12:44:10.100Z,37.82,21.13,15,3.6,md,5,175,,,us,usp000e330,2014-11-07T01:27:30.239Z,"3 km SSE of Arkoúdi, Greece",earthquake,,,,,reviewed,ath,ath
2005-10-29T11:40:31.030Z,54.186,159.918,10,4.3,mb,11,110.6,,1.16,us,usp000e32z,2014-11-07T01:27:30.238Z,"101 km SE of Mil’kovo, Russia",earthquake,,0,,2,reviewed,us,us
2005-10-29T11:25:34.807Z,63.7203,-149.8182,136.2,2.9,ml,,,,0.54,ak,ak005dvn00dk,2019-02-13T03:37:42.250Z,"44 km WSW of Healy, Alaska",earthquake,,4.6,,,reviewed,ak,ak
2005-10-29T11:03:00.410Z,11.701,-73.905,68.2,4.3,mb,11,151.5,,1,us,usp000e32x,2014-11-07T01:27:30.231Z,"60 km NNE of Santa Marta, Colombia",earthquake,,18.5,,2,reviewed,us,us
2005-10-29T10:25:39.710Z,-6.947,126.646,400,4.2,mb,12,166.7,,0.44,us,usp000e32w,2014-11-07T01:27:30.229Z,"170 km N of Baukau, Timor Leste",earthquake,,,,6,reviewed,us,us
2005-10-29T10:22:24.700Z,-32.174,-71.83,29.2,3.1,ml,7,225,,,us,usp000e32v,2014-11-07T01:27:30.228Z,"64 km WNW of La Ligua, Chile",earthquake,,,,,reviewed,guc,guc
2005-10-29T10:17:07.300Z,35.46,22.44,80,4,mb,136,113.2,,,us,usp000e32u,2014-11-07T01:27:30.216Z,"91 km SSW of Kýthira, Greece",earthquake,,,,24,reviewed,csem,us
2005-10-29T10:07:45.300Z,-2.5,140.188,5,4.3,mb,10,100.4,,0.78,us,usp000e32t,2014-11-07T01:27:30.215Z,"50 km WNW of Abepura, Indonesia",earthquake,,,,2,reviewed,us,us
2005-10-29T09:36:37.960Z,35.397,31.754,10,3.1,ml,5,331.7,,,us,usp000e32s,2014-11-07T01:27:30.214Z,"73 km WNW of Pólis, Cyprus",earthquake,,,,,reviewed,nic,nic
2005-10-29T09:35:19.300Z,37.65,20.93,9,3.7,ml,16,167.9,,,us,usp000e32r,2014-11-07T01:27:30.211Z,"11 km SE of Lithakiá, Greece",earthquake,,,,,reviewed,ath,ath
2005-10-29T09:22:45.360Z,5.47,123.587,545.4,4.2,mb,17,130.8,,0.69,us,usp000e32q,2014-11-07T01:27:30.210Z,"105 km SW of Palimbang, Philippines",earthquake,,15.1,,3,reviewed,us,us
2005-10-29T09:20:11.510Z,35.0325,-116.9598333,3.135,3.58,ml,55,48,0.08987,0.15,ci,ci10150549,2016-03-07T23:33:02.035Z,"16km NNE of Barstow, CA",earthquake,0.2,0.5,0.151,389,reviewed,ci,ci
2005-10-29T08:37:25.800Z,36.68,25.88,17,4.1,ml,28,42.5,,,us,usp000e32n,2014-11-07T01:27:30.205Z,"16 km S of Amorgós, Greece",earthquake,,,,,reviewed,ath,ath
2005-10-29T07:59:17.868Z,59.6737,-152.4159,78,2.6,ml,,,,0.82,ak,ak005dvktizu,2019-02-13T03:37:41.419Z,"34 km WSW of Anchor Point, Alaska",earthquake,,3.5,,,reviewed,ak,ak
2005-10-29T07:01:21.190Z,45.556,26.514,122.7,3.1,md,5,130.7,,,us,usp000e32k,2014-11-07T01:27:30.199Z,"9 km NW of Lop?tari, Romania",earthquake,,,,,reviewed,irsa,irsa
2005-10-29T06:38:58.250Z,-8.555,-79.837,31.5,5.5,mwc,206,85.2,,0.79,us,usp000e32j,2022-05-02T18:05:24.569Z,"near the coast of northern Peru",earthquake,,,,,reviewed,us,hrv
2005-10-29T06:32:08.800Z,-33.228,-70.75,76.3,2.9,md,14,127.6,,,us,usp000e32h,2014-11-07T01:27:30.180Z,"10 km NW of Chicureo Abajo, Chile",earthquake,,,,,reviewed,guc,guc
2005-10-29T06:27:54.710Z,18.948,-67.439,24.9,2.8,md,6,313.7,,,us,usp000e32g,2014-11-07T01:27:30.179Z,"61 km NW of San Antonio, Puerto Rico",earthquake,,,,,reviewed,rspr,rspr
2005-10-29T05:37:42.460Z,-16.057,-69.63,199.7,3.6,mb,21,76.3,,0.89,us,usp000e32f,2014-11-07T01:27:30.177Z,"4 km NE of Ilave, Peru",earthquake,,5.9,,3,reviewed,us,us
2005-10-29T05:08:49.240Z,11.123,-85.733,69.4,3.8,mb,10,141.8,,0.8,us,usp000e32e,2014-11-07T01:27:30.175Z,"12 km WNW of La Cruz, Costa Rica",earthquake,,23,,3,reviewed,us,us
2005-10-29T05:04:53.360Z,18.87,-67.323,19.3,2.8,md,7,307.7,,,us,usp000e32d,2014-11-07T01:27:30.173Z,"48 km NNW of San Antonio, Puerto Rico",earthquake,,,,,reviewed,rspr,rspr
2005-10-29T04:40:14.250Z,34.526,73.146,10,4.2,mb,26,102.1,,1.04,us,usp000e32c,2014-11-07T01:27:30.169Z,"12 km NW of Baffa, Pakistan",earthquake,,,,3,reviewed,us,us
2005-10-29T04:34:02.640Z,36.547,71.716,82.8,3.8,mb,22,160.1,,1.05,us,usp000e32b,2014-11-07T01:27:30.146Z,"21 km SSE of Ishqoshim, Tajikistan",earthquake,,14,,3,reviewed,us,us
2005-10-29T04:25:09.460Z,-44.967,96.804,10,4.2,mb,8,108.2,,0.7,us,usp000e32a,2014-11-07T01:27:30.145Z,"southeast Indian Ridge",earthquake,,,,3,reviewed,us,us
2005-10-29T04:05:56.040Z,-45.214,96.898,8,6.5,mwc,416,11.9,,0.83,us,usp000e329,2022-05-02T18:05:23.155Z,"southeast Indian Ridge",earthquake,,,,,reviewed,us,hrv
2005-10-29T03:30:57.100Z,17.919,146.487,135.5,4.1,mb,12,146.1,,0.9,us,usp000e328,2014-11-07T01:27:30.102Z,"Alamagan region, Northern Mariana Islands",earthquake,,40,,1,reviewed,us,us
2005-10-29T03:08:16.460Z,54.571,-160.676,24.9,2.5,ml,8,289.7,,,us,usp000e327,2019-02-13T03:37:39.607Z,"85 km S of Sand Point, Alaska",earthquake,,,,,reviewed,aeic,aeic
2005-10-29T03:05:15.000Z,38.3,26.609,20.5,3.3,md,4,178.5,,,us,usp000e326,2014-11-07T01:27:30.099Z,"13 km W of Urla, Turkey",earthquake,,,,,reviewed,isk,ath
2005-10-29T03:04:39.330Z,37.718,-1.331,10.4,3.3,mblg,40,106.9,,,us,usp000e325,2014-11-07T01:27:30.093Z,"13 km N of Mazarrón, Spain",earthquake,,,,,reviewed,mdd,mdd
2005-10-29T02:41:46.850Z,-21.983,170.327,21.1,5.2,mwc,82,63.8,,0.84,us,usp000e324,2025-12-19T23:23:38.931Z,"257 km E of Tadine, New Caledonia",earthquake,,14.7,,,reviewed,us,hrv
2005-10-29T01:49:31.300Z,35.7271667,-121.0901667,6.411,2.53,md,65,47,0.05045,0.09,nc,nc21492295,2017-01-12T23:27:30.550Z,"11 km WSW of Oak Shores, California",earthquake,0.14,0.4,0.12,64,reviewed,nc,nc
2005-10-29T01:41:26.822Z,63.2243,-149.3648,85.3,3.3,ml,,,,0.81,ak,ak005dvh5362,2019-02-13T03:37:38.731Z,"27 km SW of Cantwell, Alaska",earthquake,,1.7,,,reviewed,ak,ak
2005-10-29T01:34:59.310Z,3.63,93.582,30,4.1,mb,8,196.8,,0.2,us,usp000e322,2014-11-07T01:27:30.075Z,"287 km SW of Banda Aceh, Indonesia",earthquake,,,,2,reviewed,us,us
2005-10-29T01:32:58.000Z,38.255,26.634,18.6,3.5,md,4,179.4,,,us,usp000e321,2014-11-07T01:27:30.073Z,"13 km WSW of Urla, Turkey",earthquake,,,,,reviewed,isk,ath
2005-10-29T01:30:28.000Z,38.139,26.722,9.8,3.6,md,4,185.6,,,us,usp000e320,2014-11-07T01:27:30.072Z,"12 km WSW of Seferihisar, Turkey",earthquake,,,,,reviewed,isk,ath
2005-10-29T01:17:31.870Z,2.593,126.976,61.9,5.1,mwc,78,66.2,,0.99,us,usp000e31z,2025-12-19T23:23:37.751Z,"149 km NW of Tobelo, Indonesia",earthquake,,12.2,,,reviewed,us,hrv
2005-10-29T01:17:05.100Z,36.86,21.68,5,3.6,md,5,209.4,,,us,usp000e31y,2014-11-07T01:27:30.063Z,"4 km NNW of Methóni, Greece",earthquake,,,,,reviewed,ath,ath
2005-10-29T01:09:51.190Z,2.639,126.986,62.8,5.1,mwc,54,66,,1.05,us,usp000e31x,2025-12-19T23:23:36.578Z,"151 km NW of Tobelo, Indonesia",earthquake,,16.6,,,reviewed,us,hrv
2005-10-29T01:05:11.350Z,2.581,126.859,28.4,4.6,mb,22,133.5,,0.74,us,usp000e31w,2014-11-07T01:27:30.044Z,"159 km NW of Tobelo, Indonesia",earthquake,,63.2,,7,reviewed,us,us
2005-10-29T00:34:26.230Z,-9.657,129.83,47.4,4.5,mb,12,136.2,,0.8,us,usp000e31v,2014-11-07T01:27:30.042Z,"248 km NNW of Wurrumiyanga, Australia",earthquake,,,,7,reviewed,us,us
2005-10-29T00:17:09.300Z,17.329,-100.73,6.9,3.8,md,5,169.4,,,us,usp000e31u,2014-11-07T01:27:30.040Z,"13 km NNE of Nuxco, Mexico",earthquake,,,,,reviewed,unm,unm
2005-10-29T00:14:43.820Z,45.531,26.8,69.7,2.5,md,4,130.5,,,us,usp000e31t,2014-11-07T01:27:30.039Z,"4 km NNW of Valea Salciei, Romania",earthquake,,,,,reviewed,irsa,irsa
2005-10-28T23:39:43.600Z,43.057,145.608,61.4,4.4,mwr,82,135,,0.69,us,usp000e31s,2014-11-07T01:27:30.032Z,"29 km S of Nemuro, Japan",earthquake,,6.3,,,reviewed,us,nied
2005-10-28T23:29:06.480Z,34.428,73.185,10,3.6,mb,25,98.1,,0.94,us,usp000e31r,2014-11-07T01:27:30.029Z,"Pakistan",earthquake,,,,3,reviewed,us,us
2005-10-28T23:21:33.400Z,16.044,-98.59,5.5,3.9,md,4,231,,,us,usp000e31q,2014-11-07T01:27:30.028Z,"36 km SSW of Santiago Tepextla, Mexico",earthquake,,,,,reviewed,unm,unm
2005-10-28T23:14:47.670Z,51.635,6.751,2.8,3.7,ml,62,155.5,,0.67,us,usp000e31p,2014-11-07T01:27:30.020Z,"3 km E of Hünxe, Germany",earthquake,,6,,,reviewed,us,ldg
2005-10-28T22:39:37.210Z,51.71,179.739,76.7,2.5,m,4,356.5,,,us,usp000e31n,2019-02-13T03:37:37.680Z,"250 km W of Adak, Alaska",earthquake,,,,,reviewed,aeic,aeic
2005-10-28T22:30:58.240Z,11.07,-62.04,64.2,5.4,mwc,375,30.8,,0.88,us,usp000e31m,2025-12-19T23:23:35.391Z,"61 km NNE of Güiria, Venezuela",earthquake,,,,,reviewed,us,hrv
2005-10-28T21:57:32.300Z,36.74,25.9,26,3.8,ml,17,68.1,,,us,usp000e31k,2014-11-07T01:27:29.985Z,"10 km S of Amorgós, Greece",earthquake,,,,,reviewed,ath,ath
2005-10-28T21:56:43.190Z,34.604,73.162,10,4.2,mb,42,59,,0.91,us,usp000e31j,2014-11-07T01:27:29.980Z,"15 km ESE of Battagram, Pakistan",earthquake,,,,13,reviewed,us,us
2005-10-28T21:47:25.130Z,54.697,-162.882,6.1,2.5,ml,16,188.7,,,us,usp000e31g,2019-02-13T03:37:28.551Z,"38 km ESE of False Pass, Alaska",earthquake,,,,,reviewed,aeic,aeic
2005-10-28T21:37:59.400Z,36.73,25.9,26,3.8,ml,19,68.1,,,us,usp000e31f,2014-11-07T01:27:29.940Z,"11 km S of Amorgós, Greece",earthquake,,,,,reviewed,ath,ath
2005-10-28T21:34:14.540Z,34.661,73.196,10,5.2,mwb,319,21.3,,0.87,us,usp000e31e,2022-07-14T13:48:29.846Z,"15 km E of Battagram, Pakistan",earthquake,,,,,reviewed,us,us
2005-10-28T21:29:11.580Z,-23.078,179.871,529.3,4.5,mb,35,118.8,,1.05,us,usp000e31d,2014-11-07T01:27:29.908Z,"south of the Fiji Islands",earthquake,,11.5,,13,reviewed,us,us
2005-10-28T21:24:04.590Z,29.539,98.663,10,4,mb,21,61.4,,1.14,us,usp000e31c,2014-11-07T01:27:29.906Z,"215 km NNW of Shangri-La, China",earthquake,,0,,3,reviewed,us,us
2005-10-28T21:10:41.500Z,-32.672,-71.776,15,2.6,ml,9,283,,,us,usp000e31b,2014-11-07T01:27:29.904Z,"42 km NNW of Valparaíso, Chile",earthquake,,,,,reviewed,guc,guc
2005-10-28T20:59:14.590Z,4.715,93.799,37.8,4.7,mb,26,119.6,,0.59,us,usp000e31a,2014-11-07T01:27:29.902Z,"193 km WSW of Banda Aceh, Indonesia",earthquake,,,,11,reviewed,us,us
2005-10-28T20:55:39.310Z,36.585,2.124,24.5,4.2,m,34,232.2,,,us,usp000e319,2014-11-07T01:27:29.898Z,"27 km WNW of Hadjout, Algeria",earthquake,,,,,reviewed,mdd,mdd
2005-10-28T20:33:41.610Z,-2.003,101.06,103.6,4.2,mb,14,89.9,,0.47,us,usp000e318,2014-11-07T01:27:29.896Z,"37 km W of Sungai Penuh, Indonesia",earthquake,,14.8,,4,reviewed,us,us
2005-10-28T20:26:34.420Z,46.6975,-122.751,-0.019,2.5,md,5,115,0.04322,0.03,uw,uw10686698,2016-07-22T22:00:19.110Z,"13 km N of Onalaska, Washington",explosion,0.226,0.36,0.05,4,reviewed,uw,uw
2005-10-28T19:50:00.000Z,38.127,26.798,4.2,3.9,ml,19,157,,,us,usp000e317,2014-11-07T01:27:29.894Z,"8 km SSW of Seferihisar, Turkey",earthquake,,,,,reviewed,isk,ath
2005-10-28T19:20:46.120Z,-5.243,143.514,100,3.6,mb,7,115.3,,1.37,us,usp000e316,2014-11-07T01:27:29.893Z,"35 km NW of Wabag, Papua New Guinea",earthquake,,,,1,reviewed,us,us
2005-10-28T19:14:01.070Z,-15.352,167.807,10,4.2,mb,23,141.7,,0.85,us,usp000e315,2014-11-07T01:27:29.890Z,"71 km ENE of Luganville, Vanuatu",earthquake,,,,4,reviewed,us,us
2005-10-28T19:01:43.900Z,-40.94,176.07,31,3.8,ml,44,188.1,,,us,usp000e314,2014-11-07T01:27:29.887Z,"13 km WSW of Castlepoint, New Zealand",earthquake,,,,,reviewed,wel,wel
2005-10-28T18:12:48.060Z,33.591,73.576,10,3.3,mb,7,274.4,,1.1,us,usp000e313,2014-11-07T01:27:29.885Z,"Pakistan",earthquake,,,,1,reviewed,us,us
2005-10-28T17:47:42.380Z,35.301,31.815,5,3.1,ml,4,328.8,,,us,usp000e312,2014-11-07T01:27:29.884Z,"Cyprus region",earthquake,,,,,reviewed,nic,nic
2005-10-28T17:23:29.580Z,2.358,96.209,30,4.7,mwc,45,179.7,,0.86,us,usp000e311,2016-11-10T01:13:45.569Z,"23 km SW of Sinabang, Indonesia",earthquake,,,,,reviewed,us,hrv
2005-10-28T17:07:35.740Z,34.485,31.956,25,2.8,ml,5,327.8,,,us,usp000e310,2014-11-07T01:27:29.878Z,"53 km SW of Paphos, Cyprus",earthquake,,,,,reviewed,nic,nic
2005-10-28T16:23:16.100Z,39.03,23.23,28,3.2,ml,7,153.5,,,us,usp000e30z,2014-11-07T01:27:29.877Z,"10 km NE of Istiaía, Greece",earthquake,,,,,reviewed,ath,ath
2005-10-28T16:03:29.000Z,38.273,26.563,8.1,3.5,md,4,172,,,us,usp000e30y,2014-11-07T01:27:29.875Z,"17 km E of Alaçatı, Turkey",earthquake,,,,,reviewed,isk,ath
2005-10-28T15:42:47.050Z,-20.824,-178.673,550,4.6,mb,37,76.2,,0.95,us,usp000e30x,2014-11-07T01:27:29.871Z,"Fiji region",earthquake,,11.2,,14,reviewed,us,us
2005-10-28T15:41:57.620Z,1.185,97.241,22.2,4.7,mb,30,180.2,,1.14,us,usp000e30w,2014-11-07T01:27:29.868Z,"136 km SSW of Singkil, Indonesia",earthquake,,,,15,reviewed,us,us
2005-10-28T15:33:33.040Z,24.796,95.325,138.9,3.8,mb,11,178.5,,0.56,us,usp000e30v,2014-11-07T01:27:29.866Z,"127 km SE of Phek, India",earthquake,,14.8,,4,reviewed,us,us
2005-10-28T15:21:52.990Z,45.89,150.831,124.7,4.1,mb,9,101.6,,0.56,us,usp000e30u,2014-11-07T01:27:29.865Z,"242 km ENE of Kuril’sk, Russia",earthquake,,27.6,,3,reviewed,us,us
2005-10-28T14:05:47.100Z,46.2,7,3,2.8,ml,38,55.8,,,us,usp000e30t,2014-11-07T01:27:29.860Z,"2 km S of Saint-Maurice, Switzerland",earthquake,,,,,reviewed,zur,ldg
2005-10-28T12:37:34.500Z,-33.701,-71.934,30.4,2.5,md,4,314.9,,,us,usp000e30s,2014-11-07T01:27:29.859Z,"32 km WSW of San Antonio, Chile",earthquake,,,,,reviewed,guc,guc
2005-10-28T12:28:55.840Z,-19.686,-178.108,570.9,4,mb,20,118.9,,0.68,us,usp000e30r,2014-11-07T01:27:29.857Z,"Fiji region",earthquake,,11.2,,5,reviewed,us,us
2005-10-28T12:16:51.160Z,34.482,73.25,10,3.3,mb,12,213.6,,0.54,us,usp000e30q,2014-11-07T01:27:29.855Z,"5 km NNE of Baffa, Pakistan",earthquake,,,,1,reviewed,us,us
2005-10-28T12:01:08.000Z,38.101,26.708,16.1,3.4,md,4,181.9,,,us,usp000e30p,2014-11-07T01:27:29.854Z,"15 km SW of Seferihisar, Turkey",earthquake,,,,,reviewed,isk,ath
2005-10-28T11:55:22.000Z,38.162,26.885,20.7,3.6,md,5,203.6,,,us,usp000e30n,2014-11-07T01:27:29.853Z,"5 km SE of Seferihisar, Turkey",earthquake,,,,,reviewed,isk,ath
2005-10-28T11:18:28.173Z,59.9924,-153.4601,151.7,2.9,ml,,,,0.61,ak,ak005dtzf5cx,2019-02-13T03:37:24.316Z,"42 km ENE of Pedro Bay, Alaska",earthquake,,2.3,,,reviewed,ak,ak
2005-10-28T11:15:12.300Z,16.403,-99.348,12.4,4.2,mb,25,210.5,,,us,usp000e30k,2014-11-07T01:27:29.844Z,"41 km SSW of Las Vigas, Mexico",earthquake,,,,5,reviewed,unm,us
2005-10-28T11:00:03.320Z,36.282,139.86,94.5,3.9,mb,9,154.3,,0.34,us,usp000e30j,2014-11-07T01:27:29.843Z,"2 km SW of Y?ki, Japan",earthquake,,10.9,,1,reviewed,us,us
2005-10-28T09:51:38.517Z,59.7803,-148.459,19.3,3.1,ml,,,,0.92,ak,ak005dtyfdkr,2019-02-13T03:37:23.291Z,"40 km SW of Chenega, Alaska",earthquake,,2.9,,,reviewed,ak,ak
2005-10-28T09:39:00.450Z,34.581,72.858,10,3.5,mb,8,200.1,,0.91,us,usp000e30g,2014-11-07T01:27:29.836Z,"15 km SW of Shingli Bala, Pakistan",earthquake,,,,1,reviewed,us,us
2005-10-28T09:30:30.100Z,35.6631667,-121.065,5.719,2.65,md,61,84,0.06126,0.08,nc,nc21492195,2017-01-12T23:23:12.720Z,"11 km N of Cambria, California",earthquake,0.14,0.37,0.08,73,reviewed,nc,nc
2005-10-28T09:27:22.200Z,33.89,26.31,6,3.8,md,14,236.7,,,us,usp000e30f,2014-11-07T01:27:29.834Z,"134 km SSE of Ierápetra, Greece",earthquake,,,,,reviewed,ath,ath
2005-10-28T09:21:32.900Z,-31.537,-68.957,150,3.8,md,11,254,,,us,usp000e30e,2014-11-07T01:27:29.832Z,"21 km W of Villa Basilio Nievas, Argentina",earthquake,,,,,reviewed,guc,guc
2005-10-28T09:17:13.900Z,37.76,20.31,8,3.6,md,6,233,,,us,usp000e30d,2014-11-07T01:27:29.831Z,"40 km WSW of Katastárion, Greece",earthquake,,,,,reviewed,ath,ath
2005-10-28T08:31:19.710Z,13.779,-90.272,93.7,4.6,mb,117,72,,1.19,us,usp000e30c,2014-11-07T01:27:29.820Z,"23 km SSW of Pasaco, Guatemala",earthquake,,,,39,reviewed,us,us
2005-10-28T08:09:35.590Z,34.565,73.141,10,3.4,mb,22,97.7,,0.94,us,usp000e30b,2014-11-07T01:27:29.818Z,"16 km NNW of Baffa, Pakistan",earthquake,,,,2,reviewed,us,us
2005-10-28T08:07:47.570Z,53.429,-163.686,4.1,2.7,ml,18,239.6,,,us,usp000e30a,2019-02-13T03:37:33.010Z,"158 km ESE of Akutan, Alaska",earthquake,,,,,reviewed,aeic,aeic
2005-10-28T08:01:28.500Z,14.886,-92.9,29.2,4.2,md,5,260,,,us,usp000e309,2014-11-07T01:27:29.814Z,"38 km SW of El Arenal, Mexico",earthquake,,,,,reviewed,unm,unm
2005-10-28T07:22:23.700Z,57.527,7.023,19.4,3.1,ml,17,200.3,,,us,usp000e308,2014-11-07T01:27:29.811Z,"61 km SSW of Mandal, Norway",earthquake,,,,,reviewed,ber,ber
2005-10-28T07:22:07.550Z,34.151,73.456,10,3.3,mb,15,203.2,,0.49,us,usp000e307,2014-11-07T01:27:29.809Z,"22 km E of Abbottabad, Pakistan",earthquake,,,,1,reviewed,us,us
2005-10-28T06:13:51.100Z,38.21,27.43,44,3.3,md,4,264.2,,,us,usp000e306,2014-11-07T01:27:29.808Z,"8 km NE of Torbal?, Turkey",earthquake,,,,,reviewed,ath,ath
2005-10-28T06:12:44.900Z,-33.337,-71.718,40.5,3.7,md,15,214.2,,,us,usp000e305,2014-11-07T01:27:29.806Z,"26 km NNW of Cartagena, Chile",earthquake,,,,,reviewed,guc,guc
2005-10-28T05:38:18.900Z,38.16,26.44,19,2.9,md,4,151.9,,,us,usp000e304,2014-11-07T01:27:29.805Z,"14 km SSE of Alaçat?, Turkey",earthquake,,,,,reviewed,ath,ath
2005-10-28T05:16:58.030Z,2.203,96.287,30,4.7,mb,35,186.6,,0.84,us,usp000e303,2014-11-07T01:27:29.801Z,"32 km SSW of Sinabang, Indonesia",earthquake,,,,21,reviewed,us,us
2005-10-28T05:12:45.690Z,51.575,176.701,10,4.3,mb,14,214.2,,1.06,us,usp000e302,2014-11-07T01:27:29.800Z,"278 km ESE of Attu Station, Alaska",earthquake,,,,1,reviewed,us,us
2005-10-28T05:02:08.580Z,30.202,138.76,437.1,3.7,mb,8,155.7,,0.4,us,usp000e301,2014-11-07T01:27:29.798Z,"Izu Islands, Japan region",earthquake,,14.7,,1,reviewed,us,us
2005-10-28T04:58:42.900Z,18.231,145.352,455,4.4,mb,43,137.8,,0.7,us,usp000e300,2014-11-07T01:27:29.794Z,"Pagan region, Northern Mariana Islands",earthquake,,15.7,,24,reviewed,us,us
2005-10-28T04:56:00.720Z,26.28,128.474,22.3,4.3,mb,18,144.1,,1.21,us,usp000e2zz,2014-11-07T01:27:29.792Z,"60 km E of Katsuren-haebaru, Japan",earthquake,,41.9,,9,reviewed,us,us
2005-10-28T04:52:51.600Z,53.761,-164.17,12.3,2.7,ml,23,220.3,,,us,usp000e2zy,2019-02-13T03:37:20.457Z,"113 km ESE of Akutan, Alaska",earthquake,,,,,reviewed,aeic,aeic
2005-10-28T04:23:20.600Z,38.19,26.98,33,2.9,md,4,213.5,,,us,usp000e2zx,2014-11-07T01:27:29.788Z,"12 km E of Seferihisar, Turkey",earthquake,,,,,reviewed,ath,ath
2005-10-28T04:13:44.710Z,36.5821667,-121.0986667,6.412,2.56,md,72,38,0.04775,0.1,nc,nc21492155,2017-01-12T23:21:39.370Z,"26 km NE of Soledad, California",earthquake,0.12,0.34,0.12,87,reviewed,nc,nc
2005-10-28T03:59:38.570Z,18.206,-66.52,86.1,2.6,md,9,161.8,,,us,usp000e2zw,2014-11-07T01:27:29.786Z,"7 km E of Jayuya, Puerto Rico",earthquake,,,,,reviewed,rspr,rspr
2005-10-28T03:58:48.460Z,51.685,16.07,5,3.2,ml,33,66.2,,0.81,us,usp000e2zv,2014-11-07T01:27:29.782Z,"2 km NNW of G?ogów, Poland",earthquake,,,,,reviewed,us,grf
2005-10-28T03:46:03.030Z,2.222,96.262,30,4.2,mb,7,218,,0.36,us,usp000e2zu,2014-11-07T01:27:29.780Z,"31 km SSW of Sinabang, Indonesia",earthquake,,,,1,reviewed,us,us
2005-10-28T03:26:44.920Z,-32.603,-178.715,36.9,5,mb,39,75.3,,1.11,us,usp000e2zt,2014-11-07T01:27:29.777Z,"south of the Kermadec Islands",earthquake,,11.6,,12,reviewed,us,us
2005-10-28T03:26:35.990Z,-32.995,-178.451,67,4.3,mb,15,206.2,,0.92,us,usp000e2zs,2014-11-07T01:27:29.775Z,"south of the Kermadec Islands",earthquake,,10.5,,3,reviewed,us,us
2005-10-28T03:20:28.970Z,-32.61,-178.803,2.7,4.7,mb,29,133.3,,0.96,us,usp000e2zr,2014-11-07T01:27:29.771Z,"south of the Kermadec Islands",earthquake,,19.2,,6,reviewed,us,us
2005-10-28T03:18:25.370Z,13.201,-89.064,57.2,4.7,mb,87,87.2,,1.25,us,usp000e2zq,2014-11-07T01:27:29.763Z,"33 km S of El Rosario, El Salvador",earthquake,,,,46,reviewed,us,us
2005-10-28T03:17:15.300Z,39.89,20.62,10,3,md,5,154.5,,,us,usp000e2zp,2014-11-07T01:27:29.762Z,"0 km NW of Kalpáki, Greece",earthquake,,,,,reviewed,ath,ath
2005-10-28T03:16:29.000Z,15.88,-96.899,11.3,4.5,md,26,129.7,,,us,usp000e2zn,2014-11-07T01:27:29.759Z,"4 km ESE of Santa María Colotepec, Mexico",earthquake,,,,,reviewed,unm,unm
2005-10-28T03:11:55.550Z,2.213,96.282,30,4.5,mb,7,218,,0.17,us,usp000e2zm,2014-11-07T01:27:29.758Z,"31 km SSW of Sinabang, Indonesia",earthquake,,,,1,reviewed,us,us
2005-10-28T03:07:35.440Z,2.31,96.362,27.6,4.9,mwc,66,50.5,,1.03,us,usp000e2zk,2016-11-10T01:13:44.978Z,"18 km S of Sinabang, Indonesia",earthquake,,,,,reviewed,us,hrv
2005-10-28T03:00:02.800Z,38.3,21.88,13,3.4,ml,39,55.4,,,us,usp000e2zj,2014-11-07T01:27:29.735Z,"4 km NE of Áno Kastrítsi, Greece",earthquake,,,,,reviewed,ath,ath
2005-10-28T02:54:56.000Z,38.196,26.652,26.9,3.5,md,6,164.5,,,us,usp000e2zh,2014-11-07T01:27:29.734Z,"16 km W of Seferihisar, Turkey",earthquake,,,,,reviewed,isk,ath
2005-10-28T02:04:16.800Z,38.24,26.97,22,3.3,md,4,219.6,,,us,usp000e2zg,2014-11-07T01:27:29.733Z,"12 km ENE of Seferihisar, Turkey",earthquake,,,,,reviewed,ath,ath
2005-10-28T01:22:29.500Z,36.81,21.69,2,3.5,ml,14,203.8,,,us,usp000e2zf,2014-11-07T01:27:29.730Z,"1 km SW of Methóni, Greece",earthquake,,,,,reviewed,ath,ath
2005-10-28T00:56:14.600Z,38.34,21.81,14,3.1,md,6,99.1,,,us,usp000e2ze,2014-11-07T01:27:29.729Z,"4 km ENE of Antirrio, Greece",earthquake,,,,,reviewed,ath,ath
2005-10-28T00:38:07.900Z,-15.362,-173.888,113.8,4.6,mb,127,118.6,,0.79,us,usp000e2zd,2014-11-07T01:27:29.714Z,"66 km N of Hihifo, Tonga",earthquake,,,,32,reviewed,us,us
2005-10-28T00:17:28.000Z,38.163,26.667,15.1,3.7,md,6,179.3,,,us,usp000e2zc,2014-11-07T01:27:29.713Z,"15 km WSW of Seferihisar, Turkey",earthquake,,,,,reviewed,isk,ath
2005-10-28T00:16:46.100Z,38.33,21.82,21,3.3,md,8,97.7,,,us,usp000e2zb,2014-11-07T01:27:29.712Z,"3 km NE of Aktaío, Greece",earthquake,,,,,reviewed,ath,ath
2005-10-28T00:11:36.812Z,58.1131,-142.6539,2.9,2.5,ml,,,,0.72,ak,ak005dtstwcx,2019-02-13T03:37:29.660Z,"232 km SW of Yakutat, Alaska",earthquake,,66.2,,,reviewed,ak,ak
2005-10-27T23:42:56.643Z,61.2587,-146.3715,40,3.4,ml,,,,0.48,ak,ak005dsj67i8,2019-02-13T03:37:08.228Z,"14 km N of Valdez, Alaska",earthquake,,0.1,,,reviewed,ak,ak
2005-10-27T23:37:23.460Z,-1.789,99.54,47.9,4.7,mwc,52,114.5,,0.89,us,usp000e2z9,2016-11-10T01:13:44.420Z,"129 km SW of Padang, Indonesia",earthquake,,15.9,,,reviewed,us,hrv
2005-10-27T23:28:10.000Z,38.23,26.48,5.4,3.7,md,7,155.4,,,us,usp000e2z8,2014-11-07T01:27:29.700Z,"10 km ESE of Alaçat?, Turkey",earthquake,,,,,reviewed,isk,ath
2005-10-27T23:11:09.450Z,36.842,-3.934,55.9,2.6,m,16,156.3,,,us,usp000e2z7,2014-11-07T01:27:29.697Z,"3 km ENE of Cómpeta, Spain",earthquake,,,,,reviewed,mdd,mdd
2005-10-27T22:26:23.370Z,40.0658333,-121.4846667,-1.758,2.8,md,52,57,0.08559,0.29,nc,nc21492105,2017-01-12T23:20:24.460Z,"5 km ESE of Butte Meadows, California",earthquake,0.4,1.49,0.17,55,reviewed,nc,nc
2005-10-27T21:04:56.310Z,-33.438,-178.366,50.2,5.1,mwc,43,97.2,,1.17,us,usp000e2z6,2025-12-19T23:23:34.219Z,"south of the Kermadec Islands",earthquake,,12.7,,,reviewed,us,hrv
2005-10-27T21:01:47.700Z,38.12,26.58,29,3.2,md,4,165.6,,,us,usp000e2z5,2014-11-07T01:27:29.691Z,"24 km WSW of Seferihisar, Turkey",earthquake,,,,,reviewed,ath,ath
2005-10-27T20:49:57.000Z,-35.352,-70.888,105.6,3.2,md,11,244.7,,,us,usp000e2z4,2014-11-07T01:27:29.689Z,"44 km SE of Molina, Chile",earthquake,,,,,reviewed,guc,guc
2005-10-27T20:49:38.480Z,-3.499,135.551,10,4.8,mwc,29,89.1,,1.31,us,usp000e2z3,2016-11-10T01:13:43.262Z,"16 km SSE of Nabire, Indonesia",earthquake,,,,,reviewed,us,hrv
2005-10-27T20:23:51.562Z,58.65,-156.1686,192.1,2.6,ml,,,,1.07,ak,ak005dsh9tp0,2019-02-13T03:37:18.441Z,"28 km E of King Salmon, Alaska",earthquake,,1.1,,,reviewed,ak,ak
2005-10-27T20:17:17.800Z,-15.432,167.42,122.1,4.8,mb,67,72.8,,1.05,us,usp000e2z1,2014-11-07T01:27:29.676Z,"29 km ENE of Luganville, Vanuatu",earthquake,,11,,15,reviewed,us,us
2005-10-27T20:08:40.800Z,41.3593333,-124.958,4.147,2.89,md,9,303,1.217,0.21,nc,nc21492094,2017-01-12T23:20:01.330Z,"72 km WNW of Big Lagoon, California",earthquake,11.79,8.54,0.11,6,reviewed,nc,nc
2005-10-27T20:07:18.348Z,63.4118,-164.6438,10,2.6,ml,,,,2.9,ak,ak005dsh6boa,2019-02-13T03:37:18.128Z,"69 km NW of Kotlik, Alaska",earthquake,,0,,,reviewed,ak,ak
2005-10-27T19:46:41.100Z,-31.501,-71.308,75.7,3.1,md,6,206.4,,,us,usp000e2yy,2014-11-07T01:27:29.672Z,"19 km NW of Illapel, Chile",earthquake,,,,,reviewed,guc,guc
2005-10-27T19:43:12.550Z,65.116,-151.5262,14.9,2.7,ml,,,,0.78,ak,ak005dsgslef,2019-02-13T03:37:07.147Z,"26 km ESE of Tanana, Alaska",earthquake,,0.2,,,reviewed,ak,ak
2005-10-27T19:42:57.430Z,2.91,128.591,212.3,4.4,mb,23,99.4,,1.21,us,usp000e2yw,2014-11-07T01:27:29.668Z,"145 km NNE of Tobelo, Indonesia",earthquake,,37.6,,11,reviewed,us,us
2005-10-27T19:26:21.230Z,34.167,73.841,10,4.2,mb,34,167.1,,1.12,us,usp000e2yv,2014-11-07T01:27:29.665Z,"21 km WNW of Uri, India",earthquake,,,,8,reviewed,us,us
2005-10-27T19:25:32.880Z,51.274,-172.942,27.6,3.1,ml,6,321.5,,,us,usp000e2yu,2019-02-13T03:37:17.172Z,"134 km SE of Atka, Alaska",earthquake,,,,,reviewed,aeic,aeic
2005-10-27T19:19:34.850Z,36.315,11.488,10,4,mb,13,239.8,,1.31,us,usp000e2yt,2014-11-07T01:27:29.661Z,"63 km ESE of El Maamoura, Tunisia",earthquake,,,,1,reviewed,us,us
2005-10-27T19:14:26.450Z,-1.107,-24.021,10,4.6,mb,43,94.6,,0.92,us,usp000e2ys,2014-11-07T01:27:29.656Z,"central Mid-Atlantic Ridge",earthquake,,,,9,reviewed,us,us
2005-10-27T18:40:56.263Z,51.6921,-174.4708,50.2,2.5,ml,,,,0.28,ak,ak005dsg6m0q,2019-02-13T03:37:16.897Z,"59 km SSW of Atka, Alaska",earthquake,,23.4,,,reviewed,ak,ak
2005-10-27T18:19:19.570Z,-23.909,179.904,520.4,4.4,mb,30,106.2,,0.93,us,usp000e2yr,2014-11-07T01:27:29.653Z,"south of the Fiji Islands",earthquake,,16.6,,13,reviewed,us,us
2005-10-27T18:08:23.464Z,59.4449,-139.2723,14.1,3.4,ml,,,,0.68,ak,ak005dsfzokq,2019-02-13T03:37:06.012Z,"28 km ESE of Yakutat, Alaska",earthquake,,0.4,,,reviewed,ak,ak
2005-10-27T17:06:00.100Z,-32.267,-71.357,34.8,3.4,ml,12,185.9,,,us,usp000e2yp,2014-11-07T01:27:29.648Z,"23 km NNW of La Ligua, Chile",earthquake,,,,,reviewed,guc,guc
2005-10-27T16:56:58.200Z,34.517,25.217,7,4.3,mb,114,105,,1.54,us,usp000e2yn,2014-11-07T01:27:29.639Z,"54 km S of Pýrgos, Greece",earthquake,,8.6,,47,reviewed,us,us
2005-10-27T16:56:24.840Z,34.519,73.029,10,3.2,mb,8,207,,0.61,us,usp000e2ym,2014-11-07T01:27:29.637Z,"17 km S of Battagram, Pakistan",earthquake,,,,4,reviewed,us,us
2005-10-27T16:31:30.460Z,34.76,73.175,10,4.5,mb,50,38.7,,0.94,us,usp000e2yk,2014-11-07T01:27:29.632Z,"16 km ENE of Battagram, Pakistan",earthquake,,,,20,reviewed,us,us
2005-10-27T16:15:31.310Z,11.809,-86.155,40.2,4.5,mb,12,147.4,,0.65,us,usp000e2yj,2014-11-07T01:27:29.631Z,"3 km WSW of La Paz de Carazo, Nicaragua",earthquake,,18.6,,3,reviewed,us,us
2005-10-27T16:12:52.200Z,-31.681,-69.977,128.9,3.4,md,12,217.5,,,us,usp000e2yh,2014-11-07T01:27:29.629Z,"65 km SW of Calingasta, Argentina",earthquake,,,,,reviewed,guc,guc
2005-10-27T16:10:22.200Z,38.54,23.65,24,2.9,ml,6,184.3,,,us,usp000e2yg,2014-11-07T01:27:29.628Z,"2 km NE of Néa Artáki, Greece",earthquake,,,,,reviewed,ath,ath
2005-10-27T15:42:34.500Z,16.958,-100.026,27.6,3.8,md,4,172.5,,,us,usp000e2yf,2014-11-07T01:27:29.626Z,"2 km WSW of El Embarcadero, Mexico",earthquake,,,,,reviewed,unm,unm
2005-10-27T15:42:04.060Z,-30.392,-72.032,10.1,4,mb,23,214.3,,0.91,us,usp000e2ye,2014-11-07T01:27:29.623Z,"82 km SW of Coquimbo, Chile",earthquake,,12.8,,2,reviewed,us,us
2005-10-27T15:41:18.200Z,47.4,7.1,13,2.5,ml,27,55,,,us,usp000e2yd,2014-11-07T01:27:29.620Z,"1 km ESE of Fontenais, Switzerland",earthquake,,,,,reviewed,zur,ldg
2005-10-27T15:21:00.710Z,35.1126667,-119.052,18.403,2.68,ml,39,39,,0.29,ci,ci10150213,2016-03-08T00:56:37.688Z,"21km SW of Lamont, CA",earthquake,0.41,1.27,0.135,103,reviewed,ci,ci
2005-10-27T15:19:59.480Z,-4.879,145.385,213,5,mwc,60,56.2,,0.81,us,usp000e2yc,2025-12-19T23:23:32.997Z,"58 km NW of Madang, Papua New Guinea",earthquake,,,,,reviewed,us,hrv
2005-10-27T15:19:10.520Z,13.586,120.716,29.2,4.8,mwc,39,113.2,,1.03,us,usp000e2yb,2016-11-10T01:13:42.106Z,"13 km NNW of Wawa, Philippines",earthquake,,9,,,reviewed,us,hrv
2005-10-27T14:52:50.430Z,-33.281,-178.533,35,4.7,mb,21,186.2,,1.08,us,usp000e2ya,2014-11-07T01:27:29.606Z,"south of the Kermadec Islands",earthquake,,,,9,reviewed,us,us
2005-10-27T13:16:04.600Z,38.16,20.3,15,3.5,md,6,219.3,,,us,usp000e2y9,2014-11-07T01:27:29.604Z,"12 km WSW of Lixoúri, Greece",earthquake,,,,,reviewed,ath,ath
2005-10-27T13:05:21.800Z,53.999,-160.979,30.7,4.8,mwc,121,136.5,,0.84,us,usp000e2y8,2019-02-13T03:37:03.298Z,"146 km SE of King Cove, Alaska",earthquake,,,,,reviewed,us,hrv
2005-10-27T13:00:17.190Z,55.095,-164.183,219.6,2.9,m,10,189.2,,,us,usp000e2y7,2019-02-13T03:37:14.196Z,"56 km WNW of False Pass, Alaska",earthquake,,,,,reviewed,aeic,aeic
2005-10-27T12:53:12.620Z,-55.017,-127.924,10,4.6,mb,12,96.7,,1.02,us,usp000e2y6,2014-11-07T01:27:29.581Z,"Pacific-Antarctic Ridge",earthquake,,,,6,reviewed,us,us
2005-10-27T12:36:58.890Z,-18.774,-70.19,59.6,4.3,mb,22,97.9,,1.17,us,usp000e2y5,2014-11-07T01:27:29.578Z,"35 km SSE of Arica, Chile",earthquake,,,,8,reviewed,us,us
2005-10-27T12:12:21.920Z,-18.774,-177.69,543.1,3.9,mb,13,154.5,,1.04,us,usp000e2y4,2014-11-07T01:27:29.577Z,"Fiji region",earthquake,,15.6,,3,reviewed,us,us
2005-10-27T12:10:48.600Z,38.43,21.93,36,2.9,md,5,124.4,,,us,usp000e2y3,2014-11-07T01:27:29.575Z,"9 km ENE of Náfpaktos, Greece",earthquake,,,,,reviewed,ath,ath
2005-10-27T12:02:18.420Z,34.686,73.394,10,3.8,mb,18,99.8,,1.04,us,usp000e2y2,2014-11-07T01:27:29.573Z,"31 km NNE of Baffa, Pakistan",earthquake,,,,2,reviewed,us,us
2005-10-27T11:55:46.300Z,56.9179,-155.2264,37.3,2.6,ml,,,,0.53,ak,ak005dsc3rra,2019-02-13T03:37:02.917Z,"64 km W of Akhiok, Alaska",earthquake,,1.7,,,reviewed,ak,ak
2005-10-27T11:18:57.350Z,23.604,107.798,10,4.2,mb,17,121.6,,1.08,us,usp000e2y0,2021-10-20T17:33:44.267Z,"102 km NNW of Nanning, China",earthquake,,,,6,reviewed,us,us
2005-10-27T10:55:00.000Z,38.133,26.67,16.8,3.7,md,5,178.2,,,us,usp000e2xz,2014-11-07T01:27:29.569Z,"16 km WSW of Seferihisar, Turkey",earthquake,,,,,reviewed,isk,ath
2005-10-27T10:49:19.680Z,40.032,-107.72,5,3.1,ml,27,86.3,,0.41,us,usp000e2xy,2014-11-07T01:27:29.565Z,"16 km E of Meeker, Colorado",earthquake,,,,,reviewed,us,us
2005-10-27T10:30:52.290Z,34.594,73.115,10,4.4,mb,20,144.4,,0.69,us,usp000e2xx,2014-11-07T01:27:29.562Z,"12 km SE of Battagram, Pakistan",earthquake,,,,2,reviewed,us,us
2005-10-27T10:13:26.240Z,18.327,-68.101,72,3.2,md,4,346.5,,,us,usp000e2xw,2014-11-07T01:27:29.561Z,"42 km SE of Punta Cana, Dominican Republic",earthquake,,,,,reviewed,rspr,rspr
2005-10-27T10:12:44.780Z,42.599,-111.098,5,2.6,ml,14,110.5,,0.45,us,usp000e2xv,2014-11-07T01:27:29.558Z,"13 km SW of Fairview, Wyoming",earthquake,,,,,reviewed,us,us
2005-10-27T09:27:25.270Z,41.319,-126.282,5.1,3,md,7,293.9,,,us,usp000e2xu,2017-01-12T23:17:05.607Z,"180 km WSW of Crescent City, California",earthquake,,,,,reviewed,nc,nc
2005-10-27T09:08:10.700Z,36.623,-4.466,72.8,2.7,m,18,183.4,,,us,usp000e2xt,2014-11-07T01:27:29.554Z,"3 km E of Torremolinos, Spain",earthquake,,,,,reviewed,mdd,mdd
2005-10-27T08:56:51.320Z,-33.537,-178.733,43.5,4.8,mb,28,89.9,,1.18,us,usp000e2xs,2014-11-07T01:27:29.551Z,"south of the Kermadec Islands",earthquake,,9.5,,7,reviewed,us,us
2005-10-27T08:51:29.450Z,-55.374,-127.272,10,4.7,mb,16,73.7,,0.94,us,usp000e2xr,2014-11-07T01:27:29.549Z,"Pacific-Antarctic Ridge",earthquake,,,,5,reviewed,us,us
2005-10-27T08:41:46.770Z,30.873,138.468,382.2,5.2,mwc,241,44.9,,0.7,us,usp000e2xq,2025-12-19T23:23:31.746Z,"Izu Islands, Japan region",earthquake,,,,,reviewed,us,hrv
2005-10-27T08:40:13.920Z,34.2988333,-119.9526667,-0.069,2.53,ml,28,163,0.1458,0.34,ci,ci10150185,2016-03-07T21:49:17.943Z,"15km SSW of Isla Vista, CA",earthquake,0.71,1.06,0.093,73,reviewed,ci,ci
2005-10-27T08:26:18.840Z,53.897,159.252,98.5,4.4,mb,33,111.2,,0.89,us,usp000e2xp,2014-11-07T01:27:29.522Z,"97 km NE of Yelizovo, Russia",earthquake,,10.4,,11,reviewed,us,us
2005-10-27T07:25:57.370Z,-54.965,-127.156,10,4.8,mb,21,70,,1.13,us,usp000e2xn,2014-11-07T01:27:29.517Z,"Pacific-Antarctic Ridge",earthquake,,,,11,reviewed,us,us
2005-10-27T07:25:56.180Z,-33.297,-178.514,10,5,mwc,36,79.6,,1.15,us,usp000e2xm,2025-12-19T23:23:30.855Z,"south of the Kermadec Islands",earthquake,,,,,reviewed,us,hrv
2005-10-27T07:21:27.420Z,34.704,73.286,10,3.6,mb,27,96.7,,1.06,us,usp000e2xk,2014-11-07T01:27:29.493Z,"24 km E of Battagram, Pakistan",earthquake,,,,6,reviewed,us,us
2005-10-27T07:20:31.410Z,41.0115,-122.0536667,6.979,2.56,md,29,109,0.1901,0.09,nc,nc21491991,2017-01-12T23:16:26.860Z,"12 km W of Big Bend, California",earthquake,0.3,1.79,0.13,29,reviewed,nc,nc
2005-10-27T06:54:13.050Z,17.791,-61.399,25.1,4.4,mb,35,99.1,,0.98,us,usp000e2xj,2014-11-07T01:27:29.489Z,"49 km ENE of Codrington, Antigua and Barbuda",earthquake,,11,,8,reviewed,us,us
2005-10-27T06:05:35.060Z,-16.305,-74.068,68.8,4.2,mb,12,108.8,,1.22,us,usp000e2xh,2014-11-07T01:27:29.487Z,"48 km WSW of Atico, Peru",earthquake,,13,,4,reviewed,us,us
2005-10-27T06:01:01.420Z,-55.03,-127.829,10,5.4,mwc,39,70,,1.29,us,usp000e2xg,2025-12-19T23:23:30.036Z,"Pacific-Antarctic Ridge",earthquake,,,,,reviewed,us,hrv
2005-10-27T05:51:48.630Z,-8.107,119.65,159.7,4.4,mb,19,141.7,,0.73,us,usp000e2xf,2014-11-07T01:27:29.475Z,"50 km NNW of Labuan Bajo, Indonesia",earthquake,,17.7,,8,reviewed,us,us
2005-10-27T04:37:52.530Z,45.29,27.883,11.3,3.4,ml,6,176,,,us,usp000e2xe,2014-11-07T01:27:29.473Z,"2 km NNW of Cazasu, Romania",earthquake,,,,,reviewed,buc,buc
2005-10-27T04:16:29.490Z,2.736,95.826,30,4.9,mwc,71,46.9,,0.95,us,usp000e2xd,2016-11-10T01:13:39.298Z,"67 km WNW of Sinabang, Indonesia",earthquake,,,,,reviewed,us,hrv
2005-10-27T03:58:27.100Z,38.14,26.6,29,3,md,4,169.4,,,us,usp000e2xc,2014-11-07T01:27:29.464Z,"21 km WSW of Seferihisar, Turkey",earthquake,,,,,reviewed,ath,ath
2005-10-27T03:39:19.230Z,-25.368,-177.195,114.9,4.7,mb,21,90.1,,0.74,us,usp000e2xb,2014-11-07T01:27:29.461Z,"south of the Fiji Islands",earthquake,,13.7,,8,reviewed,us,us
2005-10-27T03:35:00.850Z,-33.137,-178.554,35,4.6,mb,19,133.3,,0.92,us,usp000e2xa,2014-11-07T01:27:29.459Z,"south of the Kermadec Islands",earthquake,,,,5,reviewed,us,us
2005-10-27T03:15:45.290Z,34.506,72.938,10,3.8,mb,13,173.7,,1.06,us,usp000e2x9,2014-11-07T01:27:29.457Z,"19 km SSW of Shingli Bala, Pakistan",earthquake,,,,2,reviewed,us,us
2005-10-27T02:54:09.280Z,53.812,-160.745,32.1,3,ml,12,267.2,,,us,usp000e2x8,2019-02-13T03:37:00.107Z,"170 km S of Sand Point, Alaska",earthquake,,,,,reviewed,aeic,aeic
2005-10-27T02:44:56.400Z,50.389,18.786,5,2.5,m,6,194.8,,1.17,us,usp000e2x7,2014-11-07T01:27:29.454Z,"1 km ENE of Wieszowa, Poland",earthquake,,,,,reviewed,us,war
2005-10-27T02:42:14.650Z,43.464,146.83,42.6,4.4,mb,27,135.5,,0.92,us,usp000e2x6,2014-11-07T01:27:29.450Z,"38 km SSE of Shikotan, Russia",earthquake,,,,5,reviewed,us,us
2005-10-27T02:27:42.680Z,10.874,-62.264,10,3.3,md,4,260.1,,,us,usp000e2x5,2014-11-07T01:27:29.449Z,"33 km N of Güiria, Venezuela",earthquake,,,,,reviewed,trn,trn
2005-10-27T02:26:29.490Z,34.758,73.132,10,4.1,mb,45,96.9,,0.95,us,usp000e2x4,2014-11-07T01:27:29.445Z,"13 km NE of Battagram, Pakistan",earthquake,,,,15,reviewed,us,us
2005-10-27T02:06:20.000Z,-31.264,-69.481,146.8,3.3,md,7,246.6,,,us,usp000e2x3,2014-11-07T01:27:29.443Z,"9 km NW of Calingasta, Argentina",earthquake,,,,,reviewed,guc,guc
2005-10-27T01:50:49.000Z,-31.234,-68.736,149.7,3.7,md,6,271,,,us,usp000e2x2,2014-11-07T01:27:29.442Z,"30 km NW of Albardón, Argentina",earthquake,,,,,reviewed,guc,guc
2005-10-27T01:34:11.360Z,46.2008333,-122.1891667,-1.756,2.7,md,10,96,0.002619,0.16,uw,uw10686253,2016-07-22T22:00:10.720Z,"37 km NNE of Amboy, Washington",earthquake,0.064,1.18,0.06,5,reviewed,uw,uw
2005-10-27T00:03:07.300Z,-32.361,-71.66,26.8,3.4,ml,16,200.1,,,us,usp000e2x0,2014-11-07T01:27:29.437Z,"41 km WNW of La Ligua, Chile",earthquake,,,,,reviewed,guc,guc
2005-10-26T23:57:29.300Z,-40.08,175.04,68,3.7,ml,51,62.7,,,us,usp000e2wz,2014-11-07T01:27:29.432Z,"16 km S of Wanganui, New Zealand",earthquake,,,,,reviewed,wel,wel
2005-10-26T23:34:50.990Z,34.33,73.422,10,3.3,mb,11,199.9,,1.2,us,usp000e2wx,2014-11-07T01:27:29.415Z,"6 km SW of Muzaffar?b?d, Pakistan",earthquake,,,,4,reviewed,us,us
2005-10-26T23:34:07.270Z,36.38,1.832,10,3.3,m,9,278.8,,0.2,us,usp000e2ww,2014-11-07T01:27:29.413Z,"17 km NW of Aïn Defla, Algeria",earthquake,,,,,reviewed,us,mdd
2005-10-26T23:06:02.000Z,11.29,-83.766,2,4.1,md,10,301.8,,,us,usp000e2wv,2014-11-07T01:27:29.412Z,"38 km N of Greytown, Nicaragua",earthquake,,,,,reviewed,casc,casc
2005-10-26T22:57:47.200Z,37.69,20.88,4,3.2,md,5,213.7,,,us,usp000e2wu,2014-11-07T01:27:29.411Z,"5 km SE of Lithakiá, Greece",earthquake,,,,,reviewed,ath,ath
2005-10-26T22:53:12.796Z,59.4714,-139.2183,13.7,3,ml,,,,0.66,ak,ak005dqv3owf,2019-02-13T03:36:46.244Z,"30 km ESE of Yakutat, Alaska",earthquake,,0.4,,,reviewed,ak,ak
2005-10-26T22:51:22.810Z,45.641,26.555,143.2,4.1,mb,103,43.5,,,us,usp000e2ws,2014-11-07T01:27:29.401Z,"13 km WSW of Nereju Mic, Romania",earthquake,,,,23,reviewed,buc,us
2005-10-26T22:50:43.400Z,37.67,20.91,15,3.6,ml,14,205,,,us,usp000e2wr,2014-11-07T01:27:29.398Z,"8 km SE of Lithakiá, Greece",earthquake,,,,,reviewed,ath,ath
2005-10-26T22:41:56.700Z,-35.94,178.27,218,4.4,m,21,324.9,,,us,usp000e2wq,2014-11-07T01:27:29.395Z,"245 km NNE of Opotiki, New Zealand",earthquake,,,,,reviewed,wel,wel
2005-10-26T22:40:21.490Z,-1.975,-77.827,139,4,mb,19,93.2,,1.08,us,usp000e2wp,2014-11-07T01:27:29.393Z,"33 km SSE of Palora, Ecuador",earthquake,,14.3,,3,reviewed,us,us
2005-10-26T22:29:45.930Z,18.834,-68.892,145.8,4.1,md,6,346.2,,,us,usp000e2wn,2014-11-07T01:27:29.391Z,"17 km ENE of Santa Cruz de El Seibo, Dominican Republic",earthquake,,,,,reviewed,rspr,rspr
2005-10-26T21:19:39.000Z,-32.693,-178.451,10,4.3,mb,10,178.1,,1,us,usp000e2wm,2014-11-07T01:27:29.389Z,"south of the Kermadec Islands",earthquake,,0,,2,reviewed,us,us
2005-10-26T20:42:21.300Z,37.65,20.9,5,3,md,4,215.5,,,us,usp000e2wk,2014-11-07T01:27:29.388Z,"9 km SE of Lithakiá, Greece",earthquake,,,,,reviewed,ath,ath
2005-10-26T20:41:23.200Z,44.507,8.579,5,2.6,ml,26,110.7,,,us,usp000e2wj,2014-11-07T01:27:29.385Z,"2 km NNW of Urbe, Italy",earthquake,,,,,reviewed,gen,gen
2005-10-26T19:44:36.960Z,19.031,-68.215,123.2,3.6,md,4,335.9,,,us,usp000e2wh,2014-11-07T01:27:29.383Z,"53 km NNE of Punta Cana, Dominican Republic",earthquake,,,,,reviewed,rspr,rspr
2005-10-26T19:40:58.550Z,3.284,96.144,30,4.6,mb,29,171.6,,0.96,us,usp000e2wg,2014-11-07T01:27:29.381Z,"92 km NNW of Sinabang, Indonesia",earthquake,,,,10,reviewed,us,us
2005-10-26T19:03:26.000Z,-32.245,-71.675,18.6,3,ml,10,204.1,,,us,usp000e2wf,2014-11-07T01:27:29.379Z,"47 km WNW of La Ligua, Chile",earthquake,,,,,reviewed,guc,guc
2005-10-26T17:48:08.400Z,38.14,26.65,24,3.9,ml,23,149.7,,,us,usp000e2we,2014-11-07T01:27:29.377Z,"17 km WSW of Seferihisar, Turkey",earthquake,,,,,reviewed,ath,isk
2005-10-26T17:30:59.770Z,36.8211667,-121.2726667,9.124,2.7,md,76,75,0.02162,0.06,nc,nc21491783,2017-01-12T23:11:28.050Z,"5 km NE of Tres Pinos, California",earthquake,0.13,0.21,0.11,95,reviewed,nc,nc
2005-10-26T16:36:35.600Z,34.56,23.96,10,3.4,md,5,268,,,us,usp000e2wd,2014-11-07T01:27:29.376Z,"32 km SSW of Kastrí, Greece",earthquake,,,,,reviewed,ath,ath
2005-10-26T16:17:38.540Z,51.851,-175.966,70.5,2.6,m,13,253.4,,,us,usp000e2wc,2019-02-13T03:36:44.665Z,"46 km E of Adak, Alaska",earthquake,,,,,reviewed,aeic,aeic
2005-10-26T16:16:40.380Z,4.255,127.713,10,4.5,mb,8,180.3,,0.45,us,usp000e2wb,2014-11-07T01:27:29.373Z,"279 km ESE of Sarangani, Philippines",earthquake,,,,1,reviewed,us,us
2005-10-26T16:12:50.320Z,20.5028333,-155.5395,15.852,2.51,ml,20,323,,0.09,hv,hv5458813,2020-03-31T21:32:32.960Z,"38 km NE of Hala‘ula, Hawaii",earthquake,12.09,14.62,0.2,3,reviewed,hv,hv
2005-10-26T14:27:02.800Z,15.045,-93.471,70,4.2,md,6,279.9,,,us,usp000e2w9,2014-11-07T01:27:29.370Z,"55 km SW of La Esperanza (El Zapotal), Mexico",earthquake,,,,,reviewed,unm,unm
2005-10-26T14:06:29.160Z,17.87,-68.344,65.2,3.6,md,8,334,,,us,usp000e2w8,2014-11-07T01:27:29.369Z,"62 km SSE of Boca de Yuma, Dominican Republic",earthquake,,,,,reviewed,rspr,rspr
2005-10-26T14:05:58.940Z,-24.074,-66.88,169.9,4.5,mb,34,47,,0.87,us,usp000e2w7,2014-11-07T01:27:29.365Z,"59 km WNW of San Antonio de los Cobres, Argentina",earthquake,,6,,5,reviewed,us,us
2005-10-26T13:52:45.600Z,37.66,20.89,4,3,md,4,215.6,,,us,usp000e2w6,2014-11-07T01:27:29.364Z,"8 km SE of Lithakiá, Greece",earthquake,,,,,reviewed,ath,ath
2005-10-26T13:35:05.900Z,-44.98,167.51,139,4.1,m,20,196.7,,,us,usp000e2w5,2014-11-07T01:27:29.361Z,"51 km NNW of Te Anau, New Zealand",earthquake,,,,,reviewed,wel,wel
2005-10-26T12:46:02.860Z,20.8056667,-155.6571667,4.955,3.48,ml,38,250,,0.14,hv,hv5458778,2020-03-31T21:31:38.930Z,"35 km E of Hana, Hawaii",earthquake,1.88,2.44,0.16,12,reviewed,hv,hv
2005-10-26T12:27:33.700Z,52.937,-168.714,53.9,5,mwc,290,48.6,,0.75,us,usp000e2w4,2025-12-19T22:39:08.797Z,"9 km E of Nikolski, Alaska",earthquake,,,,,reviewed,us,hrv
2005-10-26T12:18:02.000Z,38.15,26.679,5.3,3.7,md,11,164.7,,,us,usp000e2w3,2014-11-07T01:27:29.335Z,"14 km WSW of Seferihisar, Turkey",earthquake,,,,,reviewed,isk,ath
2005-10-26T11:31:00.144Z,60.0897,-153.3393,136.3,2.6,ml,,,,0.62,ak,ak005dqof6im,2019-02-13T03:36:42.614Z,"54 km NE of Pedro Bay, Alaska",earthquake,,1.8,,,reviewed,ak,ak
2005-10-26T09:02:13.409Z,61.7947,-151.8331,1.7,2.7,ml,,,,0.77,ak,ak005dqn24kc,2019-02-13T03:36:41.711Z,"31 km SW of Skwentna, Alaska",earthquake,,1.1,,,reviewed,ak,ak
2005-10-26T08:54:36.402Z,63.8161,-148.4666,102.9,3.8,ml,,,,0.68,ak,ak005dqmrvyw,2019-02-13T03:36:41.139Z,"23 km ENE of McKinley Park, Alaska",earthquake,,0.5,,,reviewed,ak,ak
2005-10-26T08:40:00.640Z,19.282,-66.754,47.9,3.2,md,7,317.7,,,us,usp000e2vz,2014-11-07T01:27:29.319Z,"88 km N of Hatillo, Puerto Rico",earthquake,,,,,reviewed,rspr,rspr
2005-10-26T07:29:38.410Z,51.735,176.637,22.4,3.2,ml,4,212.5,,,us,usp000e2vy,2019-02-13T03:36:50.686Z,"265 km ESE of Attu Station, Alaska",earthquake,,,,,reviewed,aeic,aeic
2005-10-26T06:53:38.600Z,32.3141667,-115.1911667,5.991,3.15,ml,16,273,0.4582,0.38,ci,ci10150029,2016-03-07T23:32:54.072Z,"4km S of Delta, B.C., MX",earthquake,2.29,31.61,0.105,107,reviewed,ci,ci
2005-10-26T06:40:48.600Z,45.605,26.618,79.6,2.7,m,6,122.6,,,us,usp000e2vw,2014-11-07T01:27:29.315Z,"8 km WNW of Jitia, Romania",earthquake,,,,,reviewed,buc,buc
2005-10-26T04:56:29.660Z,-22.117,-179.241,574.3,4.6,mb,25,168,,0.84,us,usp000e2vv,2014-11-07T01:27:29.312Z,"south of the Fiji Islands",earthquake,,24.9,,7,reviewed,us,us
2005-10-26T04:22:17.270Z,18.766,-67.522,10.6,2.9,md,8,316.9,,,us,usp000e2vu,2014-11-07T01:27:29.311Z,"53 km NW of Aguadilla, Puerto Rico",earthquake,,,,,reviewed,rspr,rspr
2005-10-26T04:18:50.160Z,46.852,153.7,10,4.7,mb,21,138.6,,0.86,us,usp000e2vt,2014-11-07T01:27:29.309Z,"Kuril Islands",earthquake,,,,7,reviewed,us,us
2005-10-26T03:54:15.050Z,37.8655,-122.2463333,10.383,2.59,md,122,22,0.008108,0.13,nc,nc21491703,2017-01-12T23:09:05.620Z,"2 km ESE of Berkeley, California",earthquake,0.12,0.23,0.09,101,reviewed,nc,nc
2005-10-26T03:48:41.000Z,38.061,26.505,5,3.6,md,5,151.9,,,us,usp000e2vr,2014-11-07T01:27:29.307Z,"27 km SSE of Alaçat?, Turkey",earthquake,,,,,reviewed,isk,isk
2005-10-26T03:40:26.690Z,52.923,-168.709,73.3,2.5,m,9,246.1,,,us,usp000e2vq,2019-02-13T03:36:49.609Z,"10 km E of Nikolski, Alaska",earthquake,,,,,reviewed,aeic,aeic
2005-10-26T03:30:21.460Z,51.621,-170.297,60.3,2.8,ml,6,240.6,,,us,usp000e2vp,2019-02-13T03:36:49.325Z,"176 km SSW of Nikolski, Alaska",earthquake,,,,,reviewed,aeic,aeic
2005-10-26T03:26:09.000Z,-32.82,-71.491,43.6,3.8,md,18,162.8,,,us,usp000e2vn,2014-11-07T01:27:29.301Z,"23 km NNE of Viña del Mar, Chile",earthquake,,,,,reviewed,guc,guc
2005-10-26T03:05:02.890Z,46.1973333,-122.191,-1.809,2.6,md,17,77,,0.13,uw,uw10686043,2016-07-22T22:00:03.260Z,"37 km NNE of Amboy, Washington",earthquake,0.014,0.02,0.03,3,reviewed,uw,uw
2005-10-26T02:17:27.500Z,44.607,6.725,2,2.8,ml,72,33.3,,,us,usp000e2vk,2014-11-07T01:27:29.291Z,"8 km SE of Guillestre, France",earthquake,,,,,reviewed,ldg,ldg
2005-10-26T01:59:10.950Z,13.538,93.011,11.3,4.4,mb,36,82.3,,0.87,us,usp000e2vj,2014-11-07T01:27:29.288Z,"205 km N of Bamboo Flat, India",earthquake,,22.5,,7,reviewed,us,us
2005-10-26T01:49:25.920Z,34.244,73.976,10,3.7,mb,13,169.3,,1.11,us,usp000e2vh,2014-11-07T01:27:29.286Z,"19 km NNW of Uri, India",earthquake,,,,5,reviewed,us,us
2005-10-26T01:42:41.880Z,34.206,73.928,16.2,4.8,mwc,137,56.5,,0.79,us,usp000e2vg,2016-11-10T01:13:38.201Z,"17 km NW of Uri, India",earthquake,,,,,reviewed,us,hrv
2005-10-26T01:28:20.000Z,38.099,26.755,8.6,3.4,md,4,188.7,,,us,usp000e2vf,2014-11-07T01:27:29.272Z,"13 km SW of Seferihisar, Turkey",earthquake,,,,,reviewed,isk,isk
2005-10-26T00:39:33.180Z,4.034,94.303,31.3,5,mwc,123,40.9,,1.05,us,usp000e2ve,2025-12-19T23:23:29.307Z,"202 km SW of Banda Aceh, Indonesia",earthquake,,23.2,,,reviewed,us,hrv
2005-10-26T00:03:02.330Z,6.472,127.778,10,4.1,mb,7,181.8,,0.71,us,usp000e2vd,2014-11-07T01:27:29.259Z,"159 km ESE of San Ignacio, Philippines",earthquake,,,,2,reviewed,us,us
2005-10-25T23:55:51.590Z,15.017,-91.719,142.4,4.2,md,9,174.9,,1.74,us,usp000e2vc,2014-11-07T01:27:29.258Z,"2 km SE of San Lorenzo, Guatemala",earthquake,,14.6,,,reviewed,us,unm
2005-10-25T23:41:20.000Z,40.65,22.71,36,3.1,md,6,81.3,,,us,usp000e2vb,2014-11-07T01:27:29.256Z,"1 km S of Anatolikó, Greece",earthquake,,,,,reviewed,ath,ath
2005-10-25T23:23:12.160Z,40.664,22.718,10.8,3.4,ml,19,46.7,,,us,usp000e2v9,2014-11-07T01:27:29.253Z,"0 km ENE of Anatolikó, Greece",earthquake,,,,,reviewed,the,the
2005-10-25T23:19:10.140Z,27.927,129.525,51,3.8,mb,14,161.5,,0.93,us,usp000e2v8,2014-11-07T01:27:29.251Z,"48 km S of Naze, Japan",earthquake,,10.7,,1,reviewed,us,us
2005-10-25T22:29:51.670Z,14.549,95.731,26.6,4.1,mb,10,187.6,,0.85,us,usp000e2v7,2014-11-07T01:27:29.249Z,"192 km S of Pyapon, Myanmar",earthquake,,,,8,reviewed,us,us
2005-10-25T22:07:01.150Z,-7.363,128.345,100,4.6,mb,10,129.2,,0.9,us,usp000e2v6,2014-11-07T01:27:29.248Z,"196 km NE of Lospalos, Timor Leste",earthquake,,,,3,reviewed,us,us
2005-10-25T21:51:42.890Z,-2.503,124.454,30,4.2,mb,7,175.5,,0.24,us,usp000e2v5,2014-11-07T01:27:29.246Z,"252 km SE of Luwuk, Indonesia",earthquake,,,,1,reviewed,us,us
2005-10-25T21:25:46.190Z,0.786,98.188,26.5,4.8,mwc,72,47.8,,0.83,us,usp000e2v4,2016-11-10T01:13:37.092Z,"124 km SSW of Sibolga, Indonesia",earthquake,,,,,reviewed,us,hrv
2005-10-25T21:17:52.360Z,44.459,7.264,14.8,2.9,ml,63,61.2,,,us,usp000e2v3,2014-11-07T01:27:29.232Z,"2 km SW of Cartignano, Italy",earthquake,,,,,reviewed,gen,gen
2005-10-25T21:04:16.350Z,46.6976667,-122.749,0.581,2.7,md,4,174,0.04226,0,uw,uw10686013,2016-07-22T22:00:01.200Z,"13 km N of Onalaska, Washington",explosion,,,0.03,2,reviewed,uw,uw
2005-10-25T20:57:33.000Z,40.66,22.72,32,3.3,md,7,66,,,us,usp000e2v2,2014-11-07T01:27:29.231Z,"0 km ESE of Anatolikó, Greece",earthquake,,,,,reviewed,ath,ath
2005-10-25T20:08:40.590Z,-20.194,168.817,35,4.5,mb,8,323.1,,1.61,us,usp000e2v1,2014-11-07T01:27:29.229Z,"87 km SW of Isangel, Vanuatu",earthquake,,0,,2,reviewed,us,us
2005-10-25T20:02:17.100Z,37.67,20.87,5,3.3,md,4,216.6,,,us,usp000e2v0,2014-11-07T01:27:29.228Z,"6 km SSE of Lithakiá, Greece",earthquake,,,,,reviewed,ath,ath
2005-10-25T20:01:52.000Z,38.134,26.721,5,3.1,md,4,120.6,,,us,usp000e2uz,2014-11-07T01:27:29.227Z,"12 km SW of Seferihisar, Turkey",earthquake,,,,,reviewed,isk,isk
2005-10-25T19:40:43.040Z,-7.154,145.976,175.4,5.9,mwb,253,18,,0.73,us,usp000e2uy,2022-05-02T18:05:16.643Z,"73 km W of Bulolo, Papua New Guinea",earthquake,,,,,reviewed,us,us
2005-10-25T19:31:36.000Z,39.13,27.93,15.3,3.7,md,13,96.7,,,us,usp000e2ux,2014-11-07T01:27:29.195Z,"22 km E of K?rka?aç, Turkey",earthquake,,,,,reviewed,isk,ath
2005-10-25T19:20:02.900Z,-28.929,-71.103,15.1,2.7,ml,4,180.3,,,us,usp000e2uw,2014-11-07T01:27:29.193Z,"51 km SW of Vallenar, Chile",earthquake,,,,,reviewed,guc,guc
2005-10-25T19:15:09.290Z,-30.73,-177.329,35,5,mwc,30,89.4,,0.95,us,usp000e2uv,2025-12-19T23:23:28.601Z,"Kermadec Islands, New Zealand",earthquake,,,,,reviewed,us,hrv
2005-10-25T19:10:51.200Z,38.29,22.68,4,2.7,ml,7,145.9,,,us,usp000e2uu,2014-11-07T01:27:29.189Z,"11 km SSE of Antikyra, Greece",earthquake,,,,,reviewed,ath,ath
2005-10-25T19:07:30.700Z,37.362,70.276,10,4.3,mb,23,128.2,,1.47,us,usp000e2ut,2014-11-07T01:27:29.185Z,"38 km NW of Fayzabad, Afghanistan",earthquake,,0,,10,reviewed,us,us
2005-10-25T19:05:51.200Z,-33.64,-70.394,98,2.7,md,11,152.5,,,us,usp000e2us,2014-11-07T01:27:29.182Z,"17 km E of Puente Alto, Chile",earthquake,,,,,reviewed,guc,guc
2005-10-25T18:26:20.900Z,34.42,26.24,18,4,mb,20,208.3,,,us,usp000e2ur,2014-11-07T01:27:29.179Z,"79 km SE of Ierápetra, Greece",earthquake,,,,2,reviewed,ath,us
2005-10-25T18:13:32.000Z,37.186,30.517,87.6,3.4,md,7,212.9,,,us,usp000e2uq,2014-11-07T01:27:29.177Z,"14 km SSE of K?z?lkaya, Turkey",earthquake,,,,,reviewed,isk,isk
2005-10-25T18:05:50.010Z,41.551,20.161,4.3,3,ml,14,169.2,,,us,usp000e2up,2014-11-07T01:27:29.174Z,"7 km NE of Klos, Albania",earthquake,,,,,reviewed,pdg,pdg
2005-10-25T17:58:37.950Z,51.495,6.819,5,2.7,ml,15,288.9,,0.43,us,usp000e2un,2014-11-07T01:27:29.172Z,"3 km WNW of Oberhausen, Germany",earthquake,,,,,reviewed,us,ldg
2005-10-25T17:58:17.400Z,16.811,-95.001,97,4,md,6,156.9,,,us,usp000e2um,2014-11-07T01:27:29.170Z,"8 km SE of Llano Suchiapa, Mexico",earthquake,,,,,reviewed,unm,unm
2005-10-25T17:44:28.840Z,53.846,-163.956,11.7,3.2,ml,21,228.8,,,us,usp000e2uk,2019-02-13T03:36:32.843Z,"117 km SSW of False Pass, Alaska",earthquake,,,,,reviewed,aeic,aeic
2005-10-25T17:16:25.590Z,44.903,146.499,168.7,4.4,mb,22,134.6,,0.98,us,usp000e2uj,2014-11-07T01:27:29.166Z,"105 km NNE of Otrada, Russia",earthquake,,10.2,,6,reviewed,us,us
2005-10-25T17:01:57.770Z,34.472,73.172,10,3.9,mb,28,167.3,,1.06,us,usp000e2uh,2014-11-07T01:27:29.162Z,"6 km NW of Baffa, Pakistan",earthquake,,,,7,reviewed,us,us
2005-10-25T16:35:47.000Z,38.18,26.761,20.1,3.2,md,4,192.3,,,us,usp000e2ug,2014-11-07T01:27:29.160Z,"7 km WSW of Seferihisar, Turkey",earthquake,,,,,reviewed,isk,isk
2005-10-25T16:19:47.380Z,36.914,-9.555,0,2.6,mblg,10,282.9,,,us,usp000e2uf,2014-11-07T01:27:29.158Z,"55 km W of Sagres, Portugal",earthquake,,,,,reviewed,mdd,mdd
2005-10-25T16:07:40.200Z,34.84,69.077,10,3.4,mb,7,181.6,,1.49,us,usp000e2ue,2014-11-07T01:27:29.156Z,"10 km NNW of M?r Bachah K??, Afghanistan",earthquake,,,,4,reviewed,us,us
2005-10-25T15:14:09.000Z,38.115,26.615,5,3.4,md,4,169.9,,,us,usp000e2ud,2014-11-07T01:27:29.154Z,"21 km WSW of Seferihisar, Turkey",earthquake,,,,,reviewed,isk,isk
2005-10-25T14:57:51.110Z,34.623,73.295,10,4.3,mb,32,67.8,,1.49,us,usp000e2uc,2014-11-07T01:27:29.138Z,"21 km NNE of Baffa, Pakistan",earthquake,,,,10,reviewed,us,us
2005-10-25T14:52:41.800Z,37.71,20.93,27,3.4,md,4,206.7,,,us,usp000e2ub,2014-11-07T01:27:29.137Z,"7 km SE of Ambelókipoi, Greece",earthquake,,,,,reviewed,ath,ath
2005-10-25T14:48:36.100Z,-5.317,147.094,179.4,4.8,mb,30,83.4,,0.62,us,usp000e2ua,2014-11-07T01:27:29.133Z,"145 km E of Madang, Papua New Guinea",earthquake,,10.2,,7,reviewed,us,us
2005-10-25T14:45:54.230Z,1.3,124.529,35,4.6,mb,8,150.3,,1.31,us,usp000e2u9,2014-11-07T01:27:29.132Z,"30 km W of Tomohon, Indonesia",earthquake,,,,3,reviewed,us,us
2005-10-25T14:41:47.130Z,50.39,18.797,5,2.5,m,6,194.9,,1.23,us,usp000e2u8,2014-11-07T01:27:29.130Z,"2 km ENE of Wieszowa, Poland",earthquake,,,,,reviewed,us,war
2005-10-25T14:08:46.430Z,24.753,122.836,129.2,4.4,mb,14,95.5,,1.14,us,usp000e2u7,2014-11-07T01:27:29.129Z,"35 km NNW of Yonakuni, Japan",earthquake,,8.3,,2,reviewed,us,us
2005-10-25T13:53:28.969Z,62.6473,-150.0881,76,2.7,ml,,,,0.59,ak,ak005dp27h7k,2019-02-13T03:36:31.164Z,"22 km N of Chase, Alaska",earthquake,,2.8,,,reviewed,ak,ak
2005-10-25T12:54:58.600Z,-33.523,-70.951,69.3,3.3,md,11,94.8,,,us,usp000e2u5,2014-11-07T01:27:29.123Z,"11 km NW of Peñaflor, Chile",earthquake,,,,,reviewed,guc,guc
2005-10-25T12:01:52.452Z,60.0658,-152.7151,108.9,2.6,ml,,,,0.59,ak,ak005dp1ay6l,2019-02-13T03:36:30.312Z,"56 km WNW of Happy Valley, Alaska",earthquake,,7.9,,,reviewed,ak,ak
2005-10-25T11:28:16.090Z,18.292,-66.147,72.7,2.8,md,8,188.3,,,us,usp000e2u3,2014-11-07T01:27:29.117Z,"6 km NW of Aguas Buenas, Puerto Rico",earthquake,,,,,reviewed,rspr,rspr
2005-10-25T11:26:36.200Z,37.66,20.97,10,3.7,ml,13,200.8,,,us,usp000e2u2,2014-11-07T01:27:29.115Z,"13 km SE of Ambelókipoi, Greece",earthquake,,,,,reviewed,ath,ath
2005-10-25T11:20:15.260Z,-4.656,125.655,476.4,5.2,mwc,122,43.4,,0.81,us,usp000e2u1,2025-12-19T23:23:27.944Z,"Banda Sea",earthquake,,5.6,,,reviewed,us,hrv
2005-10-25T11:07:15.750Z,-60.831,-19.612,10,4.9,mwc,24,81.2,,1.06,us,usp000e2u0,2016-11-10T01:13:34.768Z,"east of the South Sandwich Islands",earthquake,,,,,reviewed,us,hrv
2005-10-25T10:51:56.880Z,50.481,16.093,4,3.4,ml,19,82.2,,,us,usp000e2tz,2014-11-07T01:27:29.097Z,"0 km N of ?ervený Kostelec, Czechia",earthquake,,,,,reviewed,gfu,gfu
2005-10-25T10:42:27.300Z,-39.51,177.3,10,3.8,ml,36,183.5,,,us,usp000e2ty,2014-11-07T01:27:29.094Z,"33 km E of Napier, New Zealand",earthquake,,,,,reviewed,wel,wel
2005-10-25T10:21:30.200Z,-31.363,-71.652,31.1,4,mb,15,202.1,,,us,usp000e2tx,2014-11-07T01:27:29.092Z,"54 km WNW of Illapel, Chile",earthquake,,,,1,reviewed,guc,us
2005-10-25T09:42:43.300Z,37.58,20.76,8,3.6,md,7,222.6,,,us,usp000e2tw,2014-11-07T01:27:29.091Z,"16 km SSW of Lithakiá, Greece",earthquake,,,,,reviewed,ath,ath
2005-10-25T09:33:42.260Z,34.056,73.518,10,4.3,mb,5,236.6,,0.71,us,usp000e2tv,2014-11-07T01:27:29.089Z,"20 km NE of Murree, Pakistan",earthquake,,,,1,reviewed,us,us
2005-10-25T09:30:36.260Z,44.363,7.346,14.8,2.5,ml,40,58.5,,,us,usp000e2tu,2014-11-07T01:27:29.084Z,"3 km NW of Valloriate, Italy",earthquake,,,,,reviewed,gen,gen
2005-10-25T09:30:12.800Z,37.69,20.92,11,4.1,ml,17,139.8,,,us,usp000e2tt,2014-11-07T01:27:29.082Z,"8 km ESE of Lithakiá, Greece",earthquake,,,,,reviewed,ath,ath
2005-10-25T09:29:48.700Z,38.53,23.65,4,3.3,ml,5,265.2,,,us,usp000e2ts,2014-11-07T01:27:29.081Z,"1 km NE of Néa Artáki, Greece",earthquake,,,,,reviewed,ath,ath
2005-10-25T09:27:35.900Z,-47.61,165.39,33,3.7,ml,8,328.4,,,us,usp000e2tr,2014-11-07T01:27:29.080Z,"244 km SW of Riverton, New Zealand",earthquake,,,,,reviewed,wel,wel
2005-10-25T09:22:16.300Z,13.135,93.411,41.5,4.5,mb,22,188.8,,0.61,us,usp000e2tq,2014-11-07T01:27:29.077Z,"175 km NNE of Bamboo Flat, India",earthquake,,14.7,,6,reviewed,us,us
2005-10-25T09:01:10.679Z,54.5926,-163.5889,93.6,2.5,ml,,,,0.77,ak,ak005dozik57,2019-02-13T03:36:29.908Z,"31 km SSW of False Pass, Alaska",earthquake,,11.9,,,reviewed,ak,ak
2005-10-25T08:58:27.000Z,38.14,26.47,8,3.5,md,6,152.9,,,us,usp000e2tp,2014-11-07T01:27:29.076Z,"17 km SSE of Alaçat?, Turkey",earthquake,,,,,reviewed,ath,ath
2005-10-25T08:57:43.100Z,38.99,23.18,4,3.3,ml,5,163.4,,,us,usp000e2tn,2014-11-07T01:27:29.074Z,"4 km NNE of Istiaía, Greece",earthquake,,,,,reviewed,ath,ath
2005-10-25T08:43:30.800Z,35.31,26.44,10,3.3,md,4,166.9,,,us,usp000e2tm,2014-11-07T01:27:29.073Z,"20 km NE of Palekastro, Greece",earthquake,,,,,reviewed,ath,ath
2005-10-25T08:07:42.100Z,-23.246,-67.389,224.3,3.2,md,5,244,,,us,usp000e2tk,2014-11-07T01:27:29.071Z,"91 km ESE of San Pedro de Atacama, Chile",earthquake,,,,,reviewed,guc,guc
2005-10-25T08:06:09.640Z,-49.782,110.622,10,4.4,mb,13,198.7,,0.82,us,usp000e2tj,2014-11-07T01:27:29.068Z,"southeast Indian Ridge",earthquake,,,,4,reviewed,us,us
2005-10-25T07:49:31.000Z,38.108,26.612,9.1,3.8,ml,8,160,,,us,usp000e2th,2014-11-07T01:27:29.065Z,"22 km WSW of Seferihisar, Turkey",earthquake,,,,,reviewed,isk,ath
2005-10-25T07:40:20.240Z,-19.271,-69.917,45.8,4.4,mb,46,98,,0.78,us,usp000e2tg,2014-11-07T01:27:29.059Z,"96 km SSE of Arica, Chile",earthquake,,5.8,,16,reviewed,us,us
2005-10-25T07:28:30.884Z,61.7398,-149.4401,31.4,2.9,ml,,,,0.67,ak,ak005doyhits,2019-02-13T03:36:29.095Z,"10 km W of Fishhook, Alaska",earthquake,,1.9,,,reviewed,ak,ak
2005-10-25T06:16:15.840Z,7.054,92.889,30,4.5,mb,26,185.7,,1.04,us,usp000e2te,2014-11-07T01:27:29.053Z,"297 km WNW of Sabang, Indonesia",earthquake,,,,9,reviewed,us,us
2005-10-25T05:56:24.600Z,39.24,23.26,10,3.2,ml,17,71.3,,,us,usp000e2td,2014-11-07T01:27:29.051Z,"3 km ENE of Argalastí, Greece",earthquake,,,,,reviewed,ath,ath
2005-10-25T05:18:10.500Z,34.4286667,-85.3146667,9.06,2.6,md,17,103,0.306,0.09,se,se605958,2016-04-11T13:15:27.850Z,"6 km SSE of Summerville, Georgia",earthquake,1.8,1.9,0.118,6,reviewed,se,se
2005-10-25T05:15:13.540Z,-22.867,-176.008,73.1,5.3,mwc,213,29.3,,0.84,us,usp000e2tb,2025-12-19T23:23:27.224Z,"201 km SSW of ‘Ohonua, Tonga",earthquake,,9.8,,,reviewed,us,hrv
2005-10-25T05:06:53.300Z,-23.074,-69.924,47.1,3.5,md,4,158,,,us,usp000e2ta,2014-11-07T01:27:29.023Z,"80 km NE of Antofagasta, Chile",earthquake,,,,,reviewed,guc,guc
2005-10-25T05:04:40.677Z,58.46,-150.9375,31.9,3,ml,,,,1.01,ak,ak005dox5j6r,2019-02-13T03:36:28.271Z,"109 km ENE of Ouzinkie, Alaska",earthquake,,18.9,,,reviewed,ak,ak
2005-10-25T05:02:10.500Z,38.12,26.682,5.2,3.5,md,5,179.1,,,us,usp000e2t8,2014-11-07T01:27:29.016Z,"16 km WSW of Seferihisar, Turkey",earthquake,,,,,reviewed,isk,isk
2005-10-25T04:27:46.900Z,-33.388,-70.589,89.6,2.5,md,10,142.4,,,us,usp000e2t7,2014-11-07T01:27:28.986Z,"8 km N of Villa Presidente Frei, Ñuñoa, Santiago, Chile, Chile",earthquake,,,,,reviewed,guc,guc
2005-10-25T04:19:37.900Z,-31.728,-69.925,131.8,3,md,11,220.7,,,us,usp000e2t6,2014-11-07T01:27:28.865Z,"64 km SW of Calingasta, Argentina",earthquake,,,,,reviewed,guc,guc
2005-10-25T03:32:31.220Z,54.65,-161.665,73.3,2.7,m,10,224.6,,,us,usp000e2t5,2019-02-13T03:36:35.984Z,"62 km SE of King Cove, Alaska",earthquake,,,,,reviewed,aeic,aeic
2005-10-25T02:51:28.310Z,30.054,81.092,10,3.8,mb,9,106.2,,1.19,us,usp000e2t4,2014-11-07T01:27:28.761Z,"27 km SSW of Burang, China",earthquake,,0,,2,reviewed,us,us
2005-10-25T02:40:11.010Z,-32.052,-72.013,19.1,4,ml,26,120.7,,1.02,us,usp000e2t3,2014-11-07T01:27:28.754Z,"86 km WNW of La Ligua, Chile",earthquake,,19.8,,,reviewed,us,guc
2005-10-25T02:39:21.000Z,38.176,26.542,5,3.3,md,4,164.4,,,us,usp000e2t2,2014-11-07T01:27:28.752Z,"18 km SE of Alaçat?, Turkey",earthquake,,,,,reviewed,isk,isk
2005-10-25T02:32:41.000Z,38.06,26.659,5,3.4,md,5,172.3,,,us,usp000e2t1,2014-11-07T01:27:28.667Z,"21 km SW of Seferihisar, Turkey",earthquake,,,,,reviewed,isk,isk
2005-10-25T02:30:11.580Z,45.927,26.704,68.3,2.6,md,4,255.2,,,us,usp000e2t0,2014-11-07T01:27:28.666Z,"1 km S of Negrile?ti, Romania",earthquake,,,,,reviewed,irsa,irsa
2005-10-25T02:19:53.340Z,54.561,-161.774,11.4,3.1,ml,16,217.4,,,us,usp000e2sz,2019-02-13T03:36:27.239Z,"65 km SSE of King Cove, Alaska",earthquake,,,,,reviewed,aeic,aeic
2005-10-25T02:15:08.000Z,38.204,26.66,12.7,3.2,md,4,180.3,,,us,usp000e2sy,2014-11-07T01:27:28.661Z,"15 km W of Seferihisar, Turkey",earthquake,,,,,reviewed,isk,isk
2005-10-25T02:11:31.700Z,16.436,-97.066,60,3.9,md,4,258.2,,,us,usp000e2sx,2014-11-07T01:27:28.612Z,"10 km NNE of San Pedro Juchaltengo, Mexico",earthquake,,,,,reviewed,unm,unm
2005-10-25T01:53:25.070Z,15.812,-61.626,9.3,3.9,mb,21,113,,,us,usp000e2sw,2014-11-07T01:27:28.608Z,"4 km SSE of Petites Anses, Guadeloupe",earthquake,,,,1,reviewed,fdf,us
2005-10-25T01:51:26.540Z,30.146,81.208,49.9,4.9,mb,80,90,,0.7,us,usp000e2sv,2014-11-07T01:27:28.601Z,"16 km S of Burang, China",earthquake,,6.4,,33,reviewed,us,us
2005-10-25T01:47:31.000Z,38.204,26.708,16.5,3.4,md,6,185,,,us,usp000e2su,2014-11-07T01:27:28.600Z,"11 km W of Seferihisar, Turkey",earthquake,,,,,reviewed,isk,isk
2005-10-25T01:43:14.160Z,29.908,81.031,63.4,3.8,mb,13,122.7,,0.62,us,usp000e2st,2014-11-07T01:27:28.598Z,"45 km SSW of Burang, China",earthquake,,15.1,,2,reviewed,us,us
2005-10-25T01:37:11.000Z,38.193,26.616,11.6,3.4,md,5,174.3,,,us,usp000e2ss,2014-11-07T01:27:28.597Z,"19 km SW of Urla, Turkey",earthquake,,,,,reviewed,isk,isk
2005-10-25T01:23:42.500Z,38.31,21.83,29,3.1,md,4,159.5,,,us,usp000e2sr,2014-11-07T01:27:28.596Z,"3 km E of Aktaío, Greece",earthquake,,,,,reviewed,ath,ath
2005-10-25T01:12:48.940Z,52.156,-170.628,6.2,3.2,ml,5,220.4,,,us,usp000e2sq,2019-02-13T03:36:34.964Z,"148 km SW of Nikolski, Alaska",earthquake,,,,,reviewed,aeic,aeic
2005-10-25T00:54:33.620Z,-11.827,166.478,145.3,4.4,mb,12,161.8,,0.34,us,usp000e2sp,2014-11-07T01:27:28.593Z,"142 km SSE of Lata, Solomon Islands",earthquake,,22,,4,reviewed,us,us
2005-10-25T00:26:18.600Z,-31.554,-69.59,141.7,3.3,md,12,237.8,,,us,usp000e2sn,2014-11-07T01:27:28.591Z,"29 km SSW of Calingasta, Argentina",earthquake,,,,,reviewed,guc,guc
2005-10-25T00:19:01.530Z,-5.414,151.22,88.2,4.6,mb,8,229.2,,0.51,us,usp000e2sm,2014-11-07T01:27:28.589Z,"120 km E of Kimbe, Papua New Guinea",earthquake,,23.8,,2,reviewed,us,us
2005-10-25T00:14:31.300Z,-31.693,-71.702,32,3.3,ml,6,225.2,,,us,usp000e2sk,2014-11-07T01:27:28.588Z,"50 km W of Illapel, Chile",earthquake,,,,,reviewed,guc,guc
2005-10-24T23:51:55.300Z,38.1,26.7,5,3.6,md,15,158.4,,,us,usp000e2sj,2014-11-07T01:27:28.585Z,"16 km SW of Seferihisar, Turkey",earthquake,,,,,reviewed,isk,ath
2005-10-24T23:33:23.200Z,38.2,26.5,5.4,3.3,md,4,161,,,us,usp000e2sh,2014-11-07T01:27:28.584Z,"14 km SE of Alaçat?, Turkey",earthquake,,,,,reviewed,isk,isk
2005-10-24T23:21:08.720Z,34.004,73.047,10,3,mb,8,304.6,,1.02,us,usp000e2sg,2014-11-07T01:27:28.582Z,"10 km E of Haripur, Pakistan",earthquake,,,,4,reviewed,us,us
2005-10-24T23:03:29.000Z,-30.324,-71.674,33.1,4.2,ml,13,211.8,,,us,usp000e2sf,2014-11-07T01:27:28.580Z,"52 km SW of Coquimbo, Chile",earthquake,,,,,reviewed,guc,guc
2005-10-24T22:37:39.800Z,37.66,20.92,12,2.9,md,5,212.7,,,us,usp000e2se,2014-11-07T01:27:28.579Z,"10 km SE of Lithakiá, Greece",earthquake,,,,,reviewed,ath,ath
2005-10-24T22:23:26.500Z,38.13,26.91,52,3,md,4,211.8,,,us,usp000e2sd,2014-11-07T01:27:28.578Z,"9 km SE of Seferihisar, Turkey",earthquake,,,,,reviewed,ath,ath
2005-10-24T22:04:06.543Z,69.074,-143.5751,26.8,2.9,ml,,,,0.94,ak,ak005dnjqhce,2019-02-13T03:36:14.469Z,"118 km S of Kaktovik, Alaska",earthquake,,92.7,,,reviewed,ak,ak
2005-10-24T21:57:31.600Z,-24.193,-67.3,193.3,3.9,mb,11,117.8,,,us,usp000e2sb,2014-11-07T01:27:28.575Z,"99 km W of San Antonio de los Cobres, Argentina",earthquake,,,,1,reviewed,guc,us
2005-10-24T21:54:48.800Z,15.996,-97.321,6,4,md,6,232.4,,,us,usp000e2sa,2014-11-07T01:27:28.573Z,"12 km E of Río Grande, Mexico",earthquake,,,,,reviewed,unm,unm
2005-10-24T21:34:27.836Z,62.2085,-145.6413,19,2.5,ml,,,,0.75,ak,ak005dnjbiv3,2019-02-13T03:36:14.100Z,"12 km NNW of Glennallen, Alaska",earthquake,,0.6,,,reviewed,ak,ak
2005-10-24T21:28:27.390Z,-7.308,112.021,173.1,4.3,mb,18,126.9,,0.62,us,usp000e2s8,2014-11-07T01:27:28.569Z,"23 km SE of Bojonegoro, Indonesia",earthquake,,25.4,,7,reviewed,us,us
2005-10-24T21:23:05.500Z,38.2,26.5,9.2,3.3,md,4,161,,,us,usp000e2s7,2014-11-07T01:27:28.568Z,"14 km SE of Alaçat?, Turkey",earthquake,,,,,reviewed,isk,isk
2005-10-24T21:21:35.800Z,-34.049,-70.256,114.9,2.8,md,11,215.5,,,us,usp000e2s6,2014-11-07T01:27:28.566Z,"39 km ENE of Machalí, Chile",earthquake,,,,,reviewed,guc,guc
2005-10-24T21:21:05.100Z,38.2,26.5,6.6,3.3,md,4,161,,,us,usp000e2s5,2014-11-07T01:27:28.564Z,"14 km SE of Alaçat?, Turkey",earthquake,,,,,reviewed,isk,isk
2005-10-24T21:15:36.000Z,38.18,26.566,15.6,4,ml,38,86.4,,,us,usp000e2s4,2014-11-07T01:27:28.561Z,"20 km SE of Alaçat?, Turkey",earthquake,,,,,reviewed,isk,isk
2005-10-24T21:11:59.240Z,35.807,31.071,35,3.5,ml,5,338.2,,,us,usp000e2s3,2014-11-07T01:27:28.560Z,"89 km SE of Beykonak, Turkey",earthquake,,,,,reviewed,nic,nic
2005-10-24T21:02:23.900Z,38.1,26.8,5,3.4,md,4,195.4,,,us,usp000e2s2,2014-11-07T01:27:28.559Z,"11 km SSW of Seferihisar, Turkey",earthquake,,,,,reviewed,isk,isk
2005-10-24T20:59:14.800Z,38.1,26.7,5,3.4,md,5,180.5,,,us,usp000e2s1,2014-11-07T01:27:28.557Z,"16 km SW of Seferihisar, Turkey",earthquake,,,,,reviewed,isk,isk
2005-10-24T20:46:26.260Z,-7.115,119.971,397.2,4.6,mb,37,66.4,,0.67,us,usp000e2s0,2014-11-07T01:27:28.554Z,"153 km N of Labuan Bajo, Indonesia",earthquake,,15.5,,16,reviewed,us,us
2005-10-24T20:43:17.243Z,62.4347,-150.6703,65.8,3.2,ml,,,,0.63,ak,ak005dnirzvw,2019-02-13T03:36:13.146Z,"8 km SE of Petersville, Alaska",earthquake,,1,,,reviewed,ak,ak
2005-10-24T20:42:40.590Z,41.722,139.49,35,3.8,mwr,18,123.7,,1.35,us,usp000e2ry,2014-11-07T01:27:28.546Z,"96 km W of Kamiiso, Japan",earthquake,,,,,reviewed,us,nied
2005-10-24T20:24:12.100Z,54.349,-155.292,29.3,3.8,ml,40,218.2,,,us,usp000e2rx,2019-02-13T03:36:12.641Z,"293 km SE of Chignik, Alaska",earthquake,,,,,reviewed,aeic,aeic
2005-10-24T20:23:27.180Z,34.681,73.293,10,3.7,mb,30,96.8,,0.75,us,usp000e2rw,2014-11-07T01:27:28.539Z,"24 km E of Battagram, Pakistan",earthquake,,,,8,reviewed,us,us
2005-10-24T20:09:56.000Z,38.11,26.76,5,3.3,md,6,188.2,,,us,usp000e2rv,2014-11-07T01:27:28.538Z,"11 km SW of Seferihisar, Turkey",earthquake,,,,,reviewed,isk,isk
2005-10-24T19:41:45.100Z,38.14,26.61,29,3,md,4,170.7,,,us,usp000e2ru,2014-11-07T01:27:28.536Z,"21 km WSW of Seferihisar, Turkey",earthquake,,,,,reviewed,ath,ath
2005-10-24T19:21:47.300Z,36.97,22.24,5,3.5,md,7,196,,,us,usp000e2rt,2014-11-07T01:27:28.535Z,"8 km ESE of Paralía Vérgas, Greece",earthquake,,,,,reviewed,ath,ath
2005-10-24T19:11:34.970Z,33.296,142.452,35,4,mwr,19,136.5,,1.34,us,usp000e2rs,2014-11-07T01:27:28.532Z,"284 km SE of Katsuura, Japan",earthquake,,,,,reviewed,us,nied
2005-10-24T19:10:57.300Z,-45.9,166.88,82,4.6,ml,12,291.9,,,us,usp000e2rr,2014-11-07T01:27:28.531Z,"84 km SW of Te Anau, New Zealand",earthquake,,,,,reviewed,wel,wel
2005-10-24T19:09:01.070Z,43.104,-1.391,10.2,2.6,ml,39,60.7,,,us,usp000e2rq,2014-11-07T01:27:28.525Z,"8 km SSW of Saint-Étienne-de-Baïgorry, France",earthquake,,,,,reviewed,mdd,ldg
2005-10-24T19:03:44.000Z,38.1,26.6,5.3,3.2,md,4,166.8,,,us,usp000e2rp,2014-11-07T01:27:28.524Z,"23 km WSW of Seferihisar, Turkey",earthquake,,,,,reviewed,isk,isk
2005-10-24T18:58:20.770Z,25.584,143.233,35,4.5,mb,8,198,,1.1,us,usp000e2rn,2014-11-07T01:27:28.522Z,"Volcano Islands, Japan region",earthquake,,,,2,reviewed,us,us
2005-10-24T18:10:41.500Z,38.1,26.6,5.4,3.3,md,6,166.8,,,us,usp000e2rm,2014-11-07T01:27:28.521Z,"23 km WSW of Seferihisar, Turkey",earthquake,,,,,reviewed,isk,ath
2005-10-24T18:05:59.300Z,-32.066,-71.917,23.6,3.6,ml,14,218.7,,,us,usp000e2rk,2014-11-07T01:27:28.518Z,"77 km WNW of La Ligua, Chile",earthquake,,,,,reviewed,guc,guc
2005-10-24T17:56:37.540Z,38.8075,-122.7896667,1.126,3.12,ml,54,33,0.003604,0.08,nc,nc21491341,2017-01-12T22:58:13.520Z,"6 km WSW of Cobb, California",earthquake,0.13,0.21,,8,reviewed,nc,nc
2005-10-24T17:38:42.000Z,-1.509,99.546,30,4.3,mb,20,89.6,,0.86,us,usp000e2rh,2014-11-07T01:27:28.515Z,"109 km SW of Padang, Indonesia",earthquake,,,,7,reviewed,us,us
2005-10-24T17:35:33.830Z,-0.507,-77.745,35,4.8,mb,28,140.7,,0.83,us,usp000e2rg,2021-10-20T18:09:49.258Z,"45 km N of Archidona, Ecuador",earthquake,,,,9,reviewed,us,us
2005-10-24T17:32:51.350Z,-1.541,99.548,30,4.3,mb,13,204,,0.9,us,usp000e2rf,2014-11-07T01:27:28.511Z,"111 km SW of Padang, Indonesia",earthquake,,,,5,reviewed,us,us
2005-10-24T17:25:56.330Z,47.484,152.738,35,4,mb,9,205.7,,0.46,us,usp000e2re,2014-11-07T01:27:28.509Z,"Kuril Islands",earthquake,,,,2,reviewed,us,us
2005-10-24T17:20:32.920Z,-7.776,108.059,35,4.3,mb,12,119.5,,0.97,us,usp000e2rd,2014-11-07T01:27:28.508Z,"46 km SSW of Kawalu, Indonesia",earthquake,,,,6,reviewed,us,us
2005-10-24T17:13:54.000Z,38.112,26.591,5,3.5,md,4,166.5,,,us,usp000e2rc,2014-11-07T01:27:28.507Z,"23 km WSW of Seferihisar, Turkey",earthquake,,,,,reviewed,isk,isk
2005-10-24T17:13:13.930Z,-5.714,152.267,35,4.5,mb,17,118.6,,0.9,us,usp000e2rb,2014-11-07T01:27:28.505Z,"151 km S of Kokopo, Papua New Guinea",earthquake,,,,10,reviewed,us,us
2005-10-24T17:03:14.000Z,38.09,26.582,5,3.8,md,19,154.4,,,us,usp000e2ra,2014-11-07T01:27:28.502Z,"25 km WSW of Seferihisar, Turkey",earthquake,,,,,reviewed,isk,ath
2005-10-24T16:55:37.000Z,38.146,26.555,5.4,3.7,ml,18,154.5,,,us,usp000e2r9,2014-11-07T01:27:28.500Z,"21 km SE of Alaçat?, Turkey",earthquake,,,,,reviewed,isk,ath
2005-10-24T16:42:32.000Z,38.113,26.629,4.6,3.4,md,5,171.6,,,us,usp000e2r8,2014-11-07T01:27:28.499Z,"20 km WSW of Seferihisar, Turkey",earthquake,,,,,reviewed,isk,isk
2005-10-24T16:37:06.700Z,38.2,26.5,9,3.2,md,6,135.8,,,us,usp000e2r7,2014-11-07T01:27:28.497Z,"14 km SE of Alaçat?, Turkey",earthquake,,,,,reviewed,isk,ath
2005-10-24T15:16:47.300Z,37.13,21.43,33,3.2,md,5,219.4,,,us,usp000e2r6,2014-11-07T01:27:28.496Z,"14 km WSW of Filiatrá, Greece",earthquake,,,,,reviewed,ath,ath
2005-10-24T15:14:51.040Z,-5.297,153.613,65.8,4.8,mb,30,101.7,,0.75,us,usp000e2r5,2014-11-07T01:27:28.493Z,"182 km SE of Kokopo, Papua New Guinea",earthquake,,10.7,,12,reviewed,us,us
2005-10-24T15:10:58.820Z,35.243,-3.947,9.7,3.4,mblg,37,261.8,,,us,usp000e2r4,2014-11-07T01:27:28.488Z,"1 km NE of Tirhanimîne, Morocco",earthquake,,,,,reviewed,mdd,mdd
2005-10-24T14:45:02.700Z,-36.74,177.73,160,4,m,38,295.1,,,us,usp000e2r3,2014-11-07T01:27:28.484Z,"146 km NNE of Opotiki, New Zealand",earthquake,,,,,reviewed,wel,wel
2005-10-24T14:32:41.400Z,51.407,-177.166,41.5,4.4,mb,50,130.2,,0.83,us,usp000e2r2,2019-02-13T03:36:09.882Z,"Andreanof Islands, Aleutian Islands, Alaska",earthquake,,,,9,reviewed,us,us
2005-10-24T14:01:53.650Z,-14.959,167.239,140.4,4.3,mb,21,179.3,,0.9,us,usp000e2r1,2014-11-07T01:27:28.476Z,"20 km ENE of Port-Olry, Vanuatu",earthquake,,12,,4,reviewed,us,us
2005-10-24T13:50:09.660Z,-5.328,152.587,35,4.8,mb,29,68,,0.82,us,usp000e2r0,2014-11-07T01:27:28.473Z,"114 km SSE of Kokopo, Papua New Guinea",earthquake,,,,16,reviewed,us,us
2005-10-24T13:49:10.880Z,-5.376,152.821,35,4.4,mb,8,207.5,,0.69,us,usp000e2qz,2014-11-07T01:27:28.472Z,"129 km SSE of Kokopo, Papua New Guinea",earthquake,,,,4,reviewed,us,us
2005-10-24T13:16:19.003Z,60.7958,-152.2191,98.6,3.1,ml,,,,0.67,ak,ak005dneg6gc,2019-02-13T03:36:08.424Z,"52 km WNW of Nikiski, Alaska",earthquake,,0.7,,,reviewed,ak,ak
2005-10-24T13:14:15.680Z,34.794,73.145,10,4.8,mwc,128,37.5,,1.16,us,usp000e2qx,2016-11-10T01:13:33.553Z,"17 km NE of Battagram, Pakistan",earthquake,,,,,reviewed,us,hrv
2005-10-24T13:09:55.470Z,46.299,153.884,35,3.9,mb,7,133.5,,0.63,us,usp000e2qw,2014-11-07T01:27:28.452Z,"Kuril Islands",earthquake,,,,1,reviewed,us,us
2005-10-24T12:42:42.800Z,34.826,73.09,10,4.9,mb,58,38.9,,1.24,us,usp000e2qv,2014-11-07T01:27:28.445Z,"17 km NNE of Battagram, Pakistan",earthquake,,,,18,reviewed,us,us
2005-10-24T12:27:20.220Z,-12.034,166.035,82.5,4.3,mb,8,159.4,,1.45,us,usp000e2qu,2014-11-07T01:27:28.444Z,"147 km S of Lata, Solomon Islands",earthquake,,43.4,,2,reviewed,us,us
2005-10-24T11:55:28.150Z,20.022,-64.598,54.8,3.6,md,4,335.2,,,us,usp000e2qt,2014-11-07T01:27:28.442Z,"188 km N of Cruz Bay, U.S. Virgin Islands",earthquake,,,,,reviewed,rspr,rspr
2005-10-24T11:30:52.470Z,53.615,-165.865,18.4,2.5,ml,17,221.3,,,us,usp000e2qs,2019-02-13T03:36:07.632Z,"52 km ESE of Unalaska, Alaska",earthquake,,,,,reviewed,aeic,aeic
2005-10-24T11:16:35.530Z,40.7678333,-125.0698333,4.326,2.99,md,19,295,0.8045,0.06,nc,nc21491293,2017-01-12T22:56:09.032Z,"71 km W of Indianola, California",earthquake,3.96,8.95,0.16,12,reviewed,nc,nc
2005-10-24T10:34:22.521Z,37.3065,-114.8549,0,2.6,ml,6,280.6,0.838,0.1056,nn,nn00166165,2018-04-24T20:55:53.748Z,"28 km ESE of Alamo, Nevada",earthquake,,0,,,reviewed,nn,nn
2005-10-24T10:21:33.300Z,38.27,27.12,5,3.2,md,4,235.8,,,us,usp000e2qq,2014-11-07T01:27:28.438Z,"2 km NNW of Menderes, Turkey",earthquake,,,,,reviewed,ath,ath
2005-10-24T09:40:52.000Z,38.102,26.698,15.7,3.5,md,6,153.4,,,us,usp000e2qp,2014-11-07T01:27:28.436Z,"16 km SW of Seferihisar, Turkey",earthquake,,,,,reviewed,isk,ath
2005-10-24T09:34:55.940Z,38.5,141.983,59.7,5,mwc,154,74.9,,0.74,us,usp000e2qn,2022-05-02T18:05:15.452Z,"60 km E of Ishinomaki, Japan",earthquake,,5.4,,,reviewed,us,hrv
2005-10-24T09:30:22.408Z,38.043,-118.6631,5.3,3.2,ml,6,258.15,0.085,0.0957,nn,nn00166163,2018-04-24T20:55:55.475Z,"29 km NNW of Benton, California",earthquake,,12.6,,,reviewed,nn,nn
2005-10-24T09:19:19.780Z,11.138,-62.079,116,5.1,mwc,133,37.5,,,us,usp000e2qm,2025-12-19T23:23:26.511Z,"66 km NNE of Güiria, Venezuela",earthquake,,,,,reviewed,trn,hrv
2005-10-24T09:12:15.500Z,19.044,-67.819,7,3.3,md,8,326.6,,,us,usp000e2qk,2014-11-07T01:27:28.407Z,"80 km NE of Punta Cana, Dominican Republic",earthquake,,,,,reviewed,rspr,rspr
2005-10-24T09:04:12.900Z,38.43,21.71,10,2.9,md,5,114.6,,,us,usp000e2qj,2014-11-07T01:27:28.406Z,"11 km WNW of Náfpaktos, Greece",earthquake,,,,,reviewed,ath,ath
2005-10-24T08:15:51.530Z,34.451,73.079,10,3.9,mb,11,102.2,,1.45,us,usp000e2qh,2014-11-07T01:27:28.405Z,"13 km W of Baffa, Pakistan",earthquake,,,,2,reviewed,us,us
2005-10-24T07:37:56.640Z,-4.977,138.279,115.1,4.6,mb,9,141.4,,0.36,us,usp000e2qg,2014-11-07T01:27:28.403Z,"Papua, Indonesia",earthquake,,21.5,,5,reviewed,us,us
2005-10-24T07:35:53.000Z,34.3,24.75,43,3.5,md,6,257.5,,,us,usp000e2qf,2014-11-07T01:27:28.402Z,"84 km S of Moíres, Greece",earthquake,,,,,reviewed,ath,ath
2005-10-24T07:27:06.700Z,39.75,24.58,27,3.3,md,14,112.8,,,us,usp000e2qe,2014-11-07T01:27:28.400Z,"43 km WSW of Mýrina, Greece",earthquake,,,,,reviewed,ath,ath
2005-10-24T07:10:43.559Z,53.1969,-163.8729,9.2,2.8,ml,,,,0.52,ak,ak005dnaucf7,2019-02-13T03:36:20.711Z,"163 km SE of Akutan, Alaska",earthquake,,33.8,,,reviewed,ak,ak
2005-10-24T06:53:41.890Z,51.298,-179.093,19.2,2.6,ml,9,355.6,,,us,usp000e2qd,2019-02-13T03:36:05.534Z,"Andreanof Islands, Aleutian Islands, Alaska",earthquake,,,,,reviewed,aeic,aeic
2005-10-24T06:42:40.940Z,-5.144,151.419,133.4,4.4,mb,15,83.4,,0.64,us,usp000e2qc,2014-11-07T01:27:28.396Z,"129 km SW of Kokopo, Papua New Guinea",earthquake,,12.6,,4,reviewed,us,us
2005-10-24T06:31:07.720Z,34.542,73.219,10,4,mb,36,67.6,,1.03,us,usp000e2qb,2014-11-07T01:27:28.392Z,"11 km N of Baffa, Pakistan",earthquake,,,,6,reviewed,us,us
2005-10-24T05:56:39.000Z,38.142,26.678,9.9,3.2,md,4,179.7,,,us,usp000e2qa,2014-11-07T01:27:28.391Z,"15 km WSW of Seferihisar, Turkey",earthquake,,,,,reviewed,isk,ath
2005-10-24T05:51:40.400Z,49.856,-1.371,9.9,2.7,ml,18,132,,,us,usp000e2q9,2014-11-07T01:27:28.387Z,"19 km NNE of Fermanville, France",earthquake,,,,,reviewed,ldg,ldg
2005-10-24T05:40:31.591Z,61.4834,-151.9326,3.8,2.6,ml,,,,1.06,ak,ak005dn9tvrr,2019-02-13T03:36:05.040Z,"59 km NW of Beluga, Alaska",earthquake,,0.1,,,reviewed,ak,ak
2005-10-24T05:28:40.800Z,51.579,6.913,1,2.7,ml,15,214.8,,,us,usp000e2q7,2014-11-07T01:27:28.381Z,"5 km W of Gladbeck, Germany",earthquake,,,,,reviewed,ldg,ldg
2005-10-24T05:21:49.120Z,31.098,130.295,156.2,3.8,m,11,126.7,,,us,usp000e2q6,2014-11-07T01:27:28.379Z,"18 km S of Makurazaki, Japan",earthquake,,,,,reviewed,jma,jma
2005-10-24T05:19:01.200Z,-54.047,-133.723,10,4.7,mb,14,87.9,,1.17,us,usp000e2q5,2014-11-07T01:27:28.377Z,"Pacific-Antarctic Ridge",earthquake,,,,6,reviewed,us,us
2005-10-24T04:55:50.350Z,-29.07,-68.497,97.6,4.8,mwc,50,63.3,,1.09,us,usp000e2q4,2016-11-10T01:13:31.839Z,"44 km SW of Vinchina, Argentina",earthquake,,5,,,reviewed,us,hrv
2005-10-24T04:36:57.700Z,18.304,-66.354,28.4,2.5,md,4,196.5,,,us,usp000e2q3,2014-11-07T01:27:28.370Z,"5 km SW of Corozal, Puerto Rico",earthquake,,,,,reviewed,rspr,rspr
2005-10-24T04:17:16.430Z,-24.278,-66.971,173.2,4.1,mb,29,43.1,,1.08,us,usp000e2q2,2014-11-07T01:27:28.367Z,"66 km W of San Antonio de los Cobres, Argentina",earthquake,,6,,5,reviewed,us,us
2005-10-24T03:56:50.720Z,-6.334,130.21,105.8,4.7,mb,20,121.9,,0.92,us,usp000e2q1,2014-11-07T01:27:28.364Z,"292 km WSW of Tual, Indonesia",earthquake,,21.4,,8,reviewed,us,us
2005-10-24T03:49:28.550Z,6.735,-73.031,169,3.9,mb,13,96.9,,0.94,us,usp000e2q0,2014-11-07T01:27:28.363Z,"4 km NNW of Aratoca, Colombia",earthquake,,9.1,,1,reviewed,us,us
2005-10-24T02:39:55.410Z,-1.46,99.529,25.5,4.8,mwc,53,49.7,,0.92,us,usp000e2pz,2016-11-10T01:13:31.246Z,"107 km WSW of Padang, Indonesia",earthquake,,,,,reviewed,us,hrv
2005-10-24T02:17:09.600Z,38.11,27.05,40,3,md,7,131,,,us,usp000e2py,2014-11-07T01:27:28.356Z,"12 km NNW of Özdere, Turkey",earthquake,,,,,reviewed,ath,isk
2005-10-24T02:13:28.700Z,-32.26,-71.398,47,3.2,md,8,190.7,,,us,usp000e2px,2014-11-07T01:27:28.355Z,"26 km NW of La Ligua, Chile",earthquake,,,,,reviewed,guc,guc
2005-10-24T02:01:53.690Z,-23.252,-66.381,216.8,4.5,mb,41,43.5,,0.96,us,usp000e2pw,2014-11-07T01:27:28.351Z,"71 km W of El Aguilar, Argentina",earthquake,,4.9,,9,reviewed,us,us
2005-10-24T01:58:44.600Z,35.77,25.13,5,3,md,5,212.3,,,us,usp000e2pv,2014-11-07T01:27:28.350Z,"47 km N of Néa Alikarnassós, Greece",earthquake,,,,,reviewed,ath,ath
2005-10-24T01:29:18.290Z,17.809,-105.862,35,4,mb,16,204.4,,0.87,us,usp000e2pu,2014-11-07T01:27:28.348Z,"off the coast of Jalisco, Mexico",earthquake,,,,5,reviewed,us,us
2005-10-24T01:24:41.870Z,27.926,51.788,10,3.7,ml,19,223.5,,0.99,us,usp000e2pt,2014-11-07T01:27:28.345Z,"115 km WNW of Mohr, Iran",earthquake,,,,,reviewed,us,thr
2005-10-24T01:23:59.660Z,17.815,-105.822,35,5.1,mwc,48,127.3,,1.34,us,usp000e2ps,2025-12-19T23:23:25.763Z,"195 km SW of Barra de Navidad, Mexico",earthquake,,,,,reviewed,us,hrv
2005-10-24T01:20:57.940Z,17.772,-105.789,35,4.6,mb,33,200.6,,1.13,us,usp000e2pr,2014-11-07T01:27:28.322Z,"197 km SW of Barra de Navidad, Mexico",earthquake,,,,12,reviewed,us,us
2005-10-24T01:12:29.050Z,18.159,-105.694,35,4.5,mb,15,233.5,,1.24,us,usp000e2pq,2014-11-07T01:27:28.320Z,"156 km SSW of Emiliano Zapata, Mexico",earthquake,,,,2,reviewed,us,us
2005-10-24T00:59:06.000Z,13.032,57.454,10,4.9,mwc,51,141.3,,0.88,us,usp000e2pp,2016-11-10T01:13:30.124Z,"Owen Fracture Zone region",earthquake,,,,,reviewed,us,hrv
2005-10-24T00:56:49.900Z,-34.132,-69.217,14,2.7,ml,9,290.4,,,us,usp000e2pn,2014-11-07T01:27:28.312Z,"97 km WNW of San Rafael, Argentina",earthquake,,,,,reviewed,guc,guc
2005-10-24T00:53:00.800Z,38.1,26.7,6,3.5,md,13,116.5,,,us,usp000e2pm,2014-11-07T01:27:28.310Z,"16 km SW of Seferihisar, Turkey",earthquake,,,,,reviewed,isk,isk
2005-10-24T00:44:42.960Z,-15.218,-173.018,35,5.1,mwc,169,52.5,,1.31,us,usp000e2pk,2025-12-19T23:23:25.125Z,"Tonga",earthquake,,,,,reviewed,us,hrv
2005-10-24T00:18:48.800Z,44.133,-129.425,10,3.7,mb,18,299.1,,0.69,us,usp000e2pj,2014-11-07T01:27:28.292Z,"off the coast of Oregon",earthquake,,,,2,reviewed,us,us
2005-10-24T00:15:14.740Z,24.108,122.585,10.5,4,mb,12,120.6,,0.94,us,usp000e2ph,2014-11-07T01:27:28.290Z,"57 km SW of Yonakuni, Japan",earthquake,,13.7,,2,reviewed,us,us
2005-10-24T00:10:43.091Z,63.1231,-150.8122,123.6,2.5,ml,,,,0.61,ak,ak005dn6ob5h,2019-02-13T03:36:03.771Z,"65 km SE of Denali National Park, Alaska",earthquake,,1.5,,,reviewed,ak,ak
2005-10-24T00:07:47.200Z,34.98,26.4,27,4,mb,94,142.1,,,us,usp000e2pg,2014-11-07T01:27:28.282Z,"27 km SSE of Palekastro, Greece",earthquake,,,,27,reviewed,ath,us
2005-10-23T23:52:59.600Z,-35.126,-70.593,16.8,3,ml,12,237.8,,,us,usp000e2pf,2014-11-07T01:27:28.280Z,"59 km ESE of Teno, Chile",earthquake,,,,,reviewed,guc,guc
2005-10-23T23:48:46.350Z,34.058,73.423,10,3.5,mb,8,273.4,,1.17,us,usp000e2pe,2014-11-07T01:27:28.279Z,"16 km N of Murree, Pakistan",earthquake,,,,3,reviewed,us,us
2005-10-23T23:34:19.600Z,38.19,26.84,28,3.3,md,4,198.7,,,us,usp000e2pd,2014-11-07T01:27:28.278Z,"0 km S of Seferihisar, Turkey",earthquake,,,,,reviewed,ath,isk
2005-10-23T23:26:26.720Z,39.428,20.143,2,2.8,ml,10,291.8,,,us,usp000e2pc,2014-11-07T01:27:28.276Z,"6 km E of Lefkímmi, Greece",earthquake,,,,,reviewed,the,the
2005-10-23T23:19:44.990Z,-28.264,-65.227,22.4,4,mb,24,46.8,,0.99,us,usp000e2pb,2014-11-07T01:27:28.273Z,"34 km S of San Pedro de Guasayán, Argentina",earthquake,,16.5,,1,reviewed,us,us
2005-10-23T23:10:32.600Z,38.21,26.76,11,3.8,ml,32,158.7,,,us,usp000e2pa,2014-11-07T01:27:28.270Z,"7 km WNW of Seferihisar, Turkey",earthquake,,,,,reviewed,ath,ath
2005-10-23T22:54:21.000Z,38.136,26.784,9,3.3,md,5,191.7,,,us,usp000e2p9,2014-11-07T01:27:28.268Z,"Near the coast of western Turkey",earthquake,,,,,reviewed,isk,isk
2005-10-23T22:48:49.000Z,38.144,26.828,7.4,3.1,md,4,197.1,,,us,usp000e2p8,2014-11-07T01:27:28.267Z,"6 km S of Seferihisar, Turkey",earthquake,,,,,reviewed,isk,isk
2005-10-23T22:45:43.300Z,38.1,23.66,13,2.6,ml,7,66.5,,,us,usp000e2p7,2014-11-07T01:27:28.266Z,"0 km WSW of Fylí, Greece",earthquake,,,,,reviewed,ath,ath
2005-10-23T22:30:01.700Z,35.43,27.87,23,3.7,md,10,238.6,,,us,usp000e2p6,2014-11-07T01:27:28.264Z,"60 km E of Karpathos, Greece",earthquake,,,,,reviewed,ath,ath
2005-10-23T22:11:13.200Z,-21.304,-69.965,10,4.1,ml,4,153.3,,,us,usp000e2p5,2014-11-07T01:27:28.263Z,"90 km NNE of Tocopilla, Chile",earthquake,,,,,reviewed,guc,guc
2005-10-23T22:01:07.870Z,34.755,73.023,10,3.2,mb,10,145.6,,0.8,us,usp000e2p4,2014-11-07T01:27:28.261Z,"8 km N of Battagram, Pakistan",earthquake,,,,2,reviewed,us,us
2005-10-23T21:55:16.900Z,38.27,26.9,11,2.9,md,4,204.8,,,us,usp000e2p3,2014-11-07T01:27:28.260Z,"9 km NNE of Seferihisar, Turkey",earthquake,,,,,reviewed,ath,ath
2005-10-23T21:49:03.100Z,39.42,20.33,11,3.2,md,7,135,,,us,usp000e2p2,2014-11-07T01:27:28.259Z,"5 km SE of Platariá, Greece",earthquake,,,,,reviewed,ath,ath
2005-10-23T21:38:23.690Z,46.559,153.719,37,5,mwc,206,103.7,,0.84,us,usp000e2p1,2025-12-19T23:23:24.362Z,"Kuril Islands",earthquake,,,,,reviewed,us,hrv
2005-10-23T21:37:24.900Z,-30.854,-71.645,13.9,3.2,ml,5,226.1,,,us,usp000e2p0,2014-11-07T01:27:28.240Z,"51 km WSW of Ovalle, Chile",earthquake,,,,,reviewed,guc,guc
2005-10-23T21:37:22.500Z,38.25,26.77,35,3,md,4,192.2,,,us,usp000e2nz,2014-11-07T01:27:28.239Z,"8 km S of Urla, Turkey",earthquake,,,,,reviewed,ath,ath
2005-10-23T21:32:16.620Z,34.761,72.807,10,3.6,mb,11,201.1,,1.35,us,usp000e2ny,2014-11-07T01:27:28.237Z,"18 km WNW of Shingli Bala, Pakistan",earthquake,,,,1,reviewed,us,us
2005-10-23T21:09:49.500Z,38.18,27.04,32,3.2,md,5,219.8,,,us,usp000e2nx,2014-11-07T01:27:28.236Z,"11 km SW of Menderes, Turkey",earthquake,,,,,reviewed,ath,ath
2005-10-23T21:00:52.100Z,38.17,26.84,29,3.2,md,4,198.6,,,us,usp000e2nw,2014-11-07T01:27:28.235Z,"3 km S of Seferihisar, Turkey",earthquake,,,,,reviewed,ath,isk
2005-10-23T21:00:09.620Z,52.026,-169.82,45.6,3.2,ml,6,229,,,us,usp000e2nv,2019-02-13T03:35:55.568Z,"120 km SSW of Nikolski, Alaska",earthquake,,,,,reviewed,aeic,aeic
2005-10-23T20:48:14.400Z,19.3643333,-155.0818333,8.722,3.31,ml,37,148,,0.1,hv,hv5457800,2020-04-21T20:24:23.180Z,"12 km SSE of Fern Forest, Hawaii",earthquake,0.48,0.35,0.08,2,reviewed,hv,hv
2005-10-23T20:36:36.030Z,34.702,72.999,10,3.5,mb,16,141.4,,1.15,us,usp000e2ns,2014-11-07T01:27:28.229Z,"2 km NNE of Shingli Bala, Pakistan",earthquake,,,,1,reviewed,us,us
2005-10-23T20:29:37.490Z,46.535,153.688,40.5,5.1,mwc,202,98.1,,0.87,us,usp000e2nr,2025-12-19T23:23:23.723Z,"Kuril Islands",earthquake,,,,,reviewed,us,hrv
2005-10-23T19:55:40.160Z,1.375,97.19,30,4.1,mb,13,212.7,,0.87,us,usp000e2nq,2014-11-07T01:27:28.210Z,"120 km SSW of Singkil, Indonesia",earthquake,,,,6,reviewed,us,us
2005-10-23T19:42:47.850Z,34.711,72.991,10,3.5,mb,12,201,,1.28,us,usp000e2np,2014-11-07T01:27:28.208Z,"3 km N of Shingli Bala, Pakistan",earthquake,,,,3,reviewed,us,us
2005-10-23T19:41:43.000Z,38.167,26.708,13.6,3.1,md,5,183.9,,,us,usp000e2nn,2014-11-07T01:27:28.207Z,"11 km WSW of Seferihisar, Turkey",earthquake,,,,,reviewed,isk,isk
2005-10-23T19:29:09.200Z,9.712,-73.37,113.2,4.3,mb,29,54.8,,1.1,us,usp000e2nm,2014-11-07T01:27:28.204Z,"9 km W of Becerril, Colombia",earthquake,,,,6,reviewed,us,us
2005-10-23T19:28:26.380Z,34.821,73.031,10,4.8,mwc,134,39.7,,0.84,us,usp000e2nk,2016-11-10T01:13:27.781Z,"15 km N of Battagram, Pakistan",earthquake,,,,,reviewed,us,hrv
2005-10-23T19:22:31.600Z,-31.556,-71.575,24.3,3,ml,7,205.9,,,us,usp000e2nj,2014-11-07T01:27:28.185Z,"Near the coast of Coquimbo, Chile",earthquake,,,,,reviewed,guc,guc
2005-10-23T19:21:38.000Z,38.105,26.764,2.9,3.4,md,6,188.7,,,us,usp000e2nh,2014-11-07T01:27:28.183Z,"12 km SSW of Seferihisar, Turkey",earthquake,,,,,reviewed,isk,ath
2005-10-23T19:18:47.960Z,38.983,23.343,7.6,3.7,ml,45,31.3,,,us,usp000e2ng,2014-11-07T01:27:28.178Z,"16 km E of Istiaía, Greece",earthquake,,,,,reviewed,the,ath
2005-10-23T18:56:52.990Z,34.329,137.028,328.8,3.8,mb,18,140.1,,0.58,us,usp000e2nf,2014-11-07T01:27:28.175Z,"24 km SE of Toba, Japan",earthquake,,5.8,,3,reviewed,us,us
2005-10-23T18:29:22.860Z,-7.301,120.243,525.4,5.2,mwc,168,34.2,,0.71,us,usp000e2ne,2025-12-19T22:39:07.666Z,"Flores Sea",earthquake,,,,,reviewed,us,hrv
2005-10-23T18:16:38.680Z,0.257,97.719,30,4.2,mb,11,219.4,,0.61,us,usp000e2nd,2014-11-07T01:27:28.157Z,"202 km SW of Sibolga, Indonesia",earthquake,,,,4,reviewed,us,us
2005-10-23T18:14:37.410Z,29.656,130.76,54.9,4.1,mwr,22,178.2,,0.77,us,usp000e2nc,2014-11-07T01:27:28.154Z,"67 km SSE of Koshima, Japan",earthquake,,9.7,,,reviewed,us,nied
2005-10-23T17:50:01.200Z,38.12,26.48,21,3.9,ml,11,101.9,,,us,usp000e2nb,2014-11-07T01:27:28.152Z,"20 km SSE of Alaçat?, Turkey",earthquake,,,,,reviewed,ath,ath
2005-10-23T17:09:20.460Z,19.332,-68.636,138.9,3.7,md,4,340.3,,,us,usp000e2na,2014-11-07T01:27:28.151Z,"57 km NE of Miches, Dominican Republic",earthquake,,,,,reviewed,rspr,rspr
2005-10-23T17:05:17.820Z,0.724,97.591,30,4.3,mb,7,224.1,,0.72,us,usp000e2n9,2014-11-07T01:27:28.150Z,"173 km SW of Sibolga, Indonesia",earthquake,,,,2,reviewed,us,us
2005-10-23T17:03:02.700Z,40.69,23.5,25,3.4,md,6,123.3,,,us,usp000e2n8,2014-11-07T01:27:28.149Z,"8 km NE of Néa Apollonía, Greece",earthquake,,,,,reviewed,ath,ath
2005-10-23T16:44:44.810Z,0.717,120.836,25.8,4.4,mb,11,160.8,,1.26,us,usp000e2n7,2014-11-07T01:27:28.147Z,"209 km NNE of Palu, Indonesia",earthquake,,48.9,,2,reviewed,us,us
2005-10-23T16:37:05.600Z,34.742,73.03,10,3.8,mb,20,98.8,,0.83,us,usp000e2n6,2014-11-07T01:27:28.145Z,"Pakistan",earthquake,,,,7,reviewed,us,us
2005-10-23T16:19:17.670Z,34.795,72.96,10,3.5,mb,9,201,,0.78,us,usp000e2n5,2014-11-07T01:27:28.143Z,"13 km N of Shingli Bala, Pakistan",earthquake,,,,1,reviewed,us,us
2005-10-23T16:03:25.480Z,0.95,133.632,30,4.5,mb,8,153.1,,0.54,us,usp000e2n4,2014-11-07T01:27:28.142Z,"206 km NNW of Manokwari, Indonesia",earthquake,,,,2,reviewed,us,us
2005-10-23T15:59:50.720Z,34.777,73.682,10,3.5,mb,12,203.2,,1.33,us,usp000e2n3,2014-11-07T01:27:28.140Z,"49 km NNE of Muzaffar?b?d, Pakistan",earthquake,,,,3,reviewed,us,us
2005-10-23T15:59:34.713Z,57.3563,-155.1784,57.7,2.6,ml,,,,0.27,ak,ak005dlscy67,2019-02-13T03:35:53.635Z,"49 km WSW of Karluk, Alaska",earthquake,,64.6,,,reviewed,ak,ak
2005-10-23T15:56:42.664Z,67.1073,-159.3663,10,3.4,ml,,,,0.78,ak,ak005dlscbmy,2019-02-13T03:35:53.267Z,"48 km ENE of Kiana, Alaska",earthquake,,2207.9,,,reviewed,ak,ak
2005-10-23T15:54:55.340Z,34.801,72.957,10,3.7,mb,17,124.5,,1.39,us,usp000e2n0,2014-11-07T01:27:28.135Z,"13 km N of Shingli Bala, Pakistan",earthquake,,,,7,reviewed,us,us
2005-10-23T15:31:24.080Z,34.744,73.064,10,4.2,mb,35,59.1,,1.11,us,usp000e2mz,2014-11-07T01:27:28.131Z,"8 km NNE of Battagram, Pakistan",earthquake,,,,14,reviewed,us,us
2005-10-23T15:30:09.090Z,46.784,152.666,92.5,4.3,mb,24,136.8,,0.9,us,usp000e2my,2014-11-07T01:27:28.129Z,"Kuril Islands",earthquake,,12.7,,4,reviewed,us,us
2005-10-23T15:19:49.030Z,34.689,72.897,10,3.4,mb,17,201.1,,0.95,us,usp000e2mx,2014-11-07T01:27:28.127Z,"8 km W of Shingli Bala, Pakistan",earthquake,,,,4,reviewed,us,us
2005-10-23T15:12:07.880Z,44.759,7.596,34.5,2.5,ml,9,188.3,,,us,usp000e2mw,2014-11-07T01:27:28.125Z,"0 km NNW of Murello, Italy",earthquake,,,,,reviewed,gen,gen
2005-10-23T15:04:20.890Z,34.854,73.042,10,5.5,mwc,520,17.1,,0.88,us,usp000e2mv,2022-07-14T13:50:15.498Z,"19 km N of Battagram, Pakistan",earthquake,,,,,reviewed,us,hrv
2005-10-23T14:59:38.100Z,38.13,26.7,30,4.1,ml,17,165,,,us,usp000e2mu,2014-11-07T01:27:28.078Z,"14 km WSW of Seferihisar, Turkey",earthquake,,,,,reviewed,ath,ath
2005-10-23T14:30:46.700Z,34.124,73.349,10,3.6,mb,9,201.2,,1.03,us,usp000e2mt,2014-11-07T01:27:28.077Z,"12 km E of Abbottabad, Pakistan",earthquake,,,,2,reviewed,us,us
2005-10-23T13:37:47.710Z,-26.029,-68.812,90.2,4.1,mb,16,84.2,,1.34,us,usp000e2ms,2014-11-07T01:27:28.075Z,"129 km ENE of Diego de Almagro, Chile",earthquake,,10,,1,reviewed,us,us
2005-10-23T13:34:12.870Z,51.425,15.934,5,2.9,ml,17,211.1,,0.88,us,usp000e2mr,2014-11-07T01:27:28.072Z,"2 km ENE of Chocianów, Poland",earthquake,,,,,reviewed,us,grf
2005-10-23T13:26:32.300Z,38.14,26.4,24,3.3,md,4,146.3,,,us,usp000e2mq,2014-11-07T01:27:28.070Z,"15 km S of Alaçat?, Turkey",earthquake,,,,,reviewed,ath,ath
2005-10-23T13:13:37.600Z,39.97,21.46,39,3.1,md,5,216.2,,,us,usp000e2mp,2014-11-07T01:27:28.069Z,"13 km SSE of Grevená, Greece",earthquake,,,,,reviewed,ath,ath
2005-10-23T12:45:26.390Z,-6.767,129.673,178.2,4.5,mb,25,99.8,,0.79,us,usp000e2mn,2014-11-07T01:27:28.065Z,"Banda Sea",earthquake,,26.6,,15,reviewed,us,us
2005-10-23T12:28:35.000Z,38.107,26.819,15.6,3.3,md,4,198.4,,,us,usp000e2mm,2014-11-07T01:27:28.064Z,"10 km S of Seferihisar, Turkey",earthquake,,,,,reviewed,isk,isk
2005-10-23T12:05:54.300Z,-16.827,-173.521,39.8,4.4,mb,37,69.4,,0.78,us,usp000e2mj,2014-11-07T01:27:28.058Z,"100 km SSE of Hihifo, Tonga",earthquake,,9.3,,10,reviewed,us,us
2005-10-23T12:03:27.700Z,-35.065,-71.188,100.8,3,md,10,169.2,,,us,usp000e2mh,2014-11-07T01:27:28.056Z,"10 km ENE of Molina, Chile",earthquake,,,,,reviewed,guc,guc
2005-10-23T12:01:41.000Z,38.16,26.75,23.1,3.6,md,7,167.1,,,us,usp000e2mg,2014-11-07T01:27:28.055Z,"8 km WSW of Seferihisar, Turkey",earthquake,,,,,reviewed,isk,ath
2005-10-23T11:47:21.194Z,51.1843,-179.5269,20,2.6,ml,,,,0.46,ak,ak005dlpwm47,2019-02-13T03:36:00.498Z,"214 km WSW of Adak, Alaska",earthquake,,185.5,,,reviewed,ak,ak
2005-10-23T11:35:36.450Z,12.561,142.844,125.6,4.3,mb,14,90.7,,0.7,us,usp000e2mf,2014-11-07T01:27:28.053Z,"212 km WSW of Merizo Village, Guam",earthquake,,15.2,,5,reviewed,us,us
2005-10-23T11:01:43.590Z,14.282,120.678,127.4,4.6,mb,18,142,,0.97,us,usp000e2me,2014-11-07T01:27:28.051Z,"4 km WSW of Ternate, Philippines",earthquake,,13.7,,7,reviewed,us,us
2005-10-23T11:01:32.530Z,53.221,-163.762,30,3.1,ml,6,311.5,,,us,usp000e2md,2019-02-13T03:36:00.133Z,"167 km SE of Akutan, Alaska",earthquake,,,,,reviewed,aeic,aeic
2005-10-23T11:00:45.040Z,53.233,-163.893,12.8,3.2,ml,7,264.2,,,us,usp000e2mc,2019-02-13T03:35:59.852Z,"159 km SE of Akutan, Alaska",earthquake,,,,,reviewed,aeic,aeic
2005-10-23T10:38:04.300Z,15.365,-61.201,147,3.5,md,12,189,,,us,usp000e2mb,2014-11-07T01:27:28.047Z,"6 km NE of La Plaine, Dominica",earthquake,,,,,reviewed,trn,trn
2005-10-23T10:33:31.560Z,18.433,-66.32,117.6,3.1,md,9,220.3,,,us,usp000e2ma,2014-11-07T01:27:28.045Z,"2 km SW of San Antonio, Puerto Rico",earthquake,,,,,reviewed,rspr,rspr
2005-10-23T10:22:05.320Z,54.83,-160.04,2.6,3.1,ml,6,257.6,,,us,usp000e2m9,2019-02-13T03:35:52.233Z,"63 km SSE of Sand Point, Alaska",earthquake,,,,,reviewed,aeic,aeic
2005-10-23T10:20:44.700Z,-40.57,175.69,41,3.9,ml,39,88.6,,,us,usp000e2m8,2014-11-07T01:27:28.041Z,"24 km SSE of Palmerston North, New Zealand",earthquake,,,,,reviewed,wel,wel
2005-10-23T10:08:14.740Z,37.377,134.556,380.7,5.9,mwb,534,20.3,,0.76,us,usp000e2m7,2022-05-02T18:05:12.978Z,"191 km NW of Mikuni, Japan",earthquake,,,,,reviewed,us,us
2005-10-23T09:46:27.790Z,7.831,124.268,85.7,4.7,mb,11,137.9,,0.86,us,usp000e2m6,2014-11-07T01:27:27.987Z,"8 km NNE of Bacayawan, Philippines",earthquake,,11.1,,1,reviewed,us,us
2005-10-23T09:42:47.370Z,10.841,-61.16,37,2.6,md,4,178,,,us,usp000e2m5,2014-11-07T01:27:27.986Z,"26 km NNE of Arima, Trinidad and Tobago",earthquake,,,,,reviewed,trn,trn
2005-10-23T09:19:51.820Z,52.267,-176.014,234.8,3.2,m,6,210.7,,,us,usp000e2m4,2019-02-13T03:35:58.456Z,"60 km NE of Adak, Alaska",earthquake,,,,,reviewed,aeic,aeic
2005-10-23T08:56:57.182Z,62.2029,-145.6495,17.8,2.5,ml,,,,0.66,ak,ak005dlo6biu,2019-02-13T03:35:50.723Z,"11 km NNW of Glennallen, Alaska",earthquake,,6,,,reviewed,ak,ak
2005-10-23T08:42:01.170Z,17.078,119.994,59.4,4.9,mwc,125,47,,0.98,us,usp000e2m2,2016-11-09T05:58:57.428Z,"47 km WSW of Calongbuyan, Philippines",earthquake,,6.4,,,reviewed,us,hrv
2005-10-23T08:33:21.989Z,60.9873,-150.2578,42.6,2.6,ml,,,,0.51,ak,ak005dlo1bc6,2019-02-13T03:35:50.347Z,"24 km ENE of Point Possession, Alaska",earthquake,,4.3,,,reviewed,ak,ak
2005-10-23T08:31:14.580Z,34.114,-5.036,0,3.5,m,6,307.6,,,us,usp000e2m0,2014-11-07T01:27:27.964Z,"8 km WNW of Fès al Bali, Morocco",earthquake,,,,,reviewed,mdd,mdd
2005-10-23T07:55:11.170Z,53.014,-165.617,19.8,3,ml,11,236.3,,,us,usp000e2kz,2019-02-13T03:35:49.567Z,"113 km SSE of Unalaska, Alaska",earthquake,,,,,reviewed,aeic,aeic
2005-10-23T07:44:24.300Z,47.34,6.954,7,2.5,ml,33,51.3,,,us,usp000e2ky,2014-11-07T01:27:27.956Z,"9 km ESE of Blamont, France",earthquake,,,,,reviewed,ldg,ldg
2005-10-23T07:33:13.450Z,-8.417,118.279,70.9,4.3,mb,13,151.1,,0.49,us,usp000e2kx,2014-11-07T01:27:27.954Z,"24 km WNW of Dompu, Indonesia",earthquake,,18.6,,5,reviewed,us,us
2005-10-23T06:54:29.700Z,43.137,-1.141,9,2.9,ml,51,36.1,,,us,usp000e2kw,2014-11-07T01:27:27.946Z,"8 km ESE of Saint-Jean-Pied-de-Port, France",earthquake,,,,,reviewed,ldg,ldg
2005-10-23T06:39:37.800Z,-3.087,128.239,20,4.2,mb,9,178.9,,0.44,us,usp000e2kv,2014-11-07T01:27:27.945Z,"67 km N of Ambon, Indonesia",earthquake,,,,3,reviewed,us,us
2005-10-23T06:15:26.930Z,-9.357,107.602,30,4.8,mb,38,87.4,,0.76,us,usp000e2ku,2014-11-07T01:27:27.927Z,"228 km SSW of Kawalu, Indonesia",earthquake,,,,19,reviewed,us,us
2005-10-23T06:03:53.110Z,37.188,140.748,10,3.7,mwr,10,154.8,,1.03,us,usp000e2kt,2014-11-07T01:27:27.925Z,"19 km NW of Iwaki, Japan",earthquake,,0,,,reviewed,us,nied
2005-10-23T05:54:18.000Z,40.027,37.573,6.4,4.2,mb,23,164.2,,,us,usp000e2ks,2014-11-07T01:27:27.922Z,"20 km S of Do?an?ar, Turkey",earthquake,,,,7,reviewed,isk,us
2005-10-23T05:54:15.650Z,38.062,74.286,154.4,4.5,mb,12,145.9,,0.65,us,usp000e2kr,2014-11-07T01:27:27.920Z,"30 km ESE of Murghob, Tajikistan",earthquake,,17.2,,5,reviewed,us,us
2005-10-23T05:13:42.211Z,63.5021,-150.0059,118.8,3.2,ml,,,,0.41,ak,ak005dlm4rrh,2019-02-13T03:35:49.151Z,"54 km WNW of Cantwell, Alaska",earthquake,,14,,,reviewed,ak,ak
2005-10-23T04:55:58.060Z,20.248,-66.996,123.5,3.7,md,4,336.5,,,us,usp000e2kp,2014-11-07T01:27:27.914Z,"193 km N of Isabela, Puerto Rico",earthquake,,,,,reviewed,rspr,rspr
2005-10-23T04:49:16.140Z,-21.798,-68.422,117,5.5,mwc,243,47.2,,0.89,us,usp000e2kn,2022-05-02T18:05:11.777Z,"89 km NE of Calama, Chile",earthquake,,,,,reviewed,us,hrv
2005-10-23T04:47:38.970Z,32.4928333,-118.1053333,9.778,2.69,ml,5,240,0.6119,0.37,ci,ci10149489,2016-03-08T00:36:04.358Z,"43km SSE of San Clemente Is. (SE tip), CA",earthquake,2.67,31.61,0.13,143,reviewed,ci,ci
2005-10-23T04:11:18.400Z,38.55,23.72,17,2.7,ml,5,194.1,,,us,usp000e2km,2014-11-07T01:27:27.886Z,"7 km ESE of Psachná, Greece",earthquake,,,,,reviewed,ath,ath
2005-10-23T03:42:16.220Z,34.0073333,-118.4403333,12.756,3.11,ml,111,47,,0.39,ci,ci10149481,2022-06-17T03:25:03.391Z,"3km NNE of Marina del Rey, CA",earthquake,0.32,0.53,0.21,374,reviewed,ci,ci
2005-10-23T03:36:22.153Z,51.9747,179.7425,174.4,2.8,ml,,,,0.27,ak,ak005dll2sh3,2019-02-13T03:35:57.054Z,"249 km W of Adak, Alaska",earthquake,,8.7,,,reviewed,ak,ak
2005-10-23T03:24:56.800Z,36.64,26.43,29,2.9,md,5,100.1,,,us,usp000e2kj,2014-11-07T01:27:27.884Z,"12 km NE of Astypálaia, Greece",earthquake,,,,,reviewed,ath,ath
2005-10-23T03:09:22.200Z,38.12,26.67,35,3.3,md,4,177.5,,,us,usp000e2kh,2014-11-07T01:27:27.883Z,"17 km WSW of Seferihisar, Turkey",earthquake,,,,,reviewed,ath,ath
2005-10-23T02:39:14.140Z,-45.668,34.901,10,3.9,mb,18,123.3,,0.99,us,usp000e2kg,2014-11-07T01:27:27.880Z,"Prince Edward Islands region",earthquake,,0,,5,reviewed,us,us
2005-10-23T01:59:16.000Z,38.134,26.783,16.3,3.4,md,4,193.9,,,us,usp000e2kf,2014-11-07T01:27:27.879Z,"8 km SW of Seferihisar, Turkey",earthquake,,,,,reviewed,isk,ath
2005-10-23T01:47:20.200Z,38.09,26.83,51,3.3,md,4,199.7,,,us,usp000e2ke,2014-11-07T01:27:27.878Z,"11 km S of Seferihisar, Turkey",earthquake,,,,,reviewed,ath,ath
2005-10-23T01:45:56.780Z,11.433,91.977,30,4.2,mb,26,91.4,,0.96,us,usp000e2kd,2014-11-07T01:27:27.875Z,"85 km WSW of Bamboo Flat, India",earthquake,,,,9,reviewed,us,us
2005-10-23T01:43:01.340Z,51.339,-176.82,19.9,2.9,ml,10,267.7,,,us,usp000e2kc,2019-02-13T03:35:48.768Z,"60 km SSW of Adak, Alaska",earthquake,,,,,reviewed,aeic,aeic
2005-10-23T00:58:41.450Z,-19.95,169.578,10,4.1,mb,11,162.9,,0.91,us,usp000e2kb,2014-11-07T01:27:27.872Z,"54 km SE of Isangel, Vanuatu",earthquake,,,,2,reviewed,us,us
2005-10-23T00:44:31.000Z,38.131,26.694,12.5,3.4,md,6,165.1,,,us,usp000e2ka,2014-11-07T01:27:27.870Z,"14 km WSW of Seferihisar, Turkey",earthquake,,,,,reviewed,isk,ath
2005-10-23T00:43:32.510Z,34.421,73.377,10,3.5,mb,25,97.7,,1.18,us,usp000e2k9,2014-11-07T01:27:27.867Z,"10 km WNW of Muzaffar?b?d, Pakistan",earthquake,,,,5,reviewed,us,us
2005-10-23T00:17:02.400Z,35.38,26.52,21,3.3,md,5,161.4,,,us,usp000e2k8,2014-11-07T01:27:27.866Z,"31 km NE of Palekastro, Greece",earthquake,,,,,reviewed,ath,ath
2005-10-23T00:14:11.420Z,37.509,20.912,1.5,3.5,ml,21,226.9,,,us,usp000e2k7,2014-11-07T01:27:27.864Z,"24 km SSE of Lithakiá, Greece",earthquake,,,,,reviewed,the,ath
2005-10-23T00:14:01.700Z,38.12,26.66,37,3.1,md,6,176.1,,,us,usp000e2k6,2014-11-07T01:27:27.862Z,"17 km WSW of Seferihisar, Turkey",earthquake,,,,,reviewed,ath,ath
2005-10-23T00:05:39.710Z,21.99,144.795,25.4,4.6,mb,17,117.9,,0.43,us,usp000e2k5,2014-11-07T01:27:27.860Z,"Mariana Islands region",earthquake,,29.6,,3,reviewed,us,us
2005-10-22T23:28:04.650Z,50.253,-175.975,62.3,2.9,ml,6,303.6,,,us,usp000e2k4,2019-02-13T03:35:47.688Z,"186 km SSE of Adak, Alaska",earthquake,,,,,reviewed,aeic,aeic
2005-10-22T23:20:15.700Z,37.66,20.96,14,3.6,ml,36,200.8,,,us,usp000e2k3,2014-11-07T01:27:27.855Z,"13 km ESE of Lithakiá, Greece",earthquake,,,,,reviewed,ath,ath
2005-10-22T23:13:47.400Z,-37.86,176.5,205,4.2,m,31,190.9,,,us,usp000e2k2,2014-11-07T01:27:27.852Z,"11 km SSE of Maketu, New Zealand",earthquake,,,,,reviewed,wel,wel
2005-10-22T23:02:45.000Z,38.145,26.747,12.5,3.3,md,4,137.5,,,us,usp000e2k1,2014-11-07T01:27:27.851Z,"9 km SW of Seferihisar, Turkey",earthquake,,,,,reviewed,isk,ath
2005-10-22T22:50:13.810Z,18.833,-67.614,8.1,3.3,md,7,320.6,,,us,usp000e2k0,2014-11-07T01:27:27.850Z,"66 km NW of Aguadilla, Puerto Rico",earthquake,,,,,reviewed,rspr,rspr
2005-10-22T22:06:45.850Z,41.583,143.778,16.9,4.3,mb,11,155.3,,1.3,us,usp000e2jz,2014-11-07T01:27:27.848Z,"143 km SE of Shizunai-furukawach?, Japan",earthquake,,68.8,,1,reviewed,us,us
2005-10-22T21:22:06.400Z,-31.298,-71.664,24.5,3.4,ml,8,209.2,,,us,usp000e2jy,2014-11-07T01:27:27.847Z,"59 km NW of Illapel, Chile",earthquake,,,,,reviewed,guc,guc
2005-10-22T21:14:08.200Z,37.63,20.93,11,3.6,ml,34,205.9,,,us,usp000e2jx,2014-11-07T01:27:27.843Z,"13 km SE of Lithakiá, Greece",earthquake,,,,,reviewed,ath,ath
2005-10-22T21:07:37.000Z,38.174,26.647,10.7,3.2,md,4,177.2,,,us,usp000e2jw,2014-11-07T01:27:27.842Z,"17 km W of Seferihisar, Turkey",earthquake,,,,,reviewed,isk,ath
2005-10-22T21:00:45.740Z,34.867,72.876,10,3.6,mb,9,223.4,,1.49,us,usp000e2jv,2014-11-07T01:27:27.841Z,"23 km NNW of Shingli Bala, Pakistan",earthquake,,,,1,reviewed,us,us
2005-10-22T20:51:12.000Z,38.154,26.549,9.1,3.2,md,4,163.9,,,us,usp000e2ju,2014-11-07T01:27:27.840Z,"20 km SE of Alaçat?, Turkey",earthquake,,,,,reviewed,isk,ath
2005-10-22T20:49:59.420Z,51.569,178.625,74.8,3.7,mb,18,137.6,,0.64,us,usp000e2jt,2019-02-13T03:35:42.373Z,"Rat Islands, Aleutian Islands, Alaska",earthquake,,6.6,,2,reviewed,us,us
2005-10-22T20:40:17.600Z,38.11,26.53,26,3.4,md,4,158.7,,,us,usp000e2js,2014-11-07T01:27:27.836Z,"23 km SE of Alaçat?, Turkey",earthquake,,,,,reviewed,ath,ath
2005-10-22T20:34:41.910Z,-0.858,-90.952,10,5.4,mwc,47,149.6,,1.26,us,usp000e2jr,2022-05-02T18:05:10.598Z,"10 km N of Puerto Villamil, Ecuador",earthquake,,0,,,reviewed,us,hrv
2005-10-22T20:33:41.000Z,38.146,26.705,19.4,3.5,md,5,183.6,,,us,usp000e2jq,2014-11-07T01:27:27.830Z,"13 km WSW of Seferihisar, Turkey",earthquake,,,,,reviewed,isk,ath
2005-10-22T20:18:48.240Z,34.0031667,-118.445,12.506,3.11,ml,100,47,,0.41,ci,ci10149449,2022-06-17T03:08:27.032Z,"3km NNE of Marina del Rey, CA",earthquake,0.35,0.61,0.205,365,reviewed,ci,ci
2005-10-22T19:58:57.260Z,43.77,-105.153,0,3,ml,24,144,,0.72,rusms,rusms00004000,2022-06-09T21:12:45.199Z,"Wyoming",explosion,,,,,reviewed,us,us
2005-10-22T19:54:12.160Z,-41.018,-90.633,10,4.7,mb,16,182.4,,1.31,us,usp000e2jn,2014-11-07T01:27:27.827Z,"southeast of Easter Island",earthquake,,,,5,reviewed,us,us
2005-10-22T19:47:17.170Z,34.46,73.188,10,3.3,mb,7,297.6,,0.68,us,usp000e2jm,2014-11-07T01:27:27.825Z,"4 km NW of Baffa, Pakistan",earthquake,,,,1,reviewed,us,us
2005-10-22T19:29:11.910Z,34.673,73.262,3.7,4.7,mb,71,58.7,,1.11,us,usp000e2jk,2014-11-07T01:27:27.819Z,"21 km E of Battagram, Pakistan",earthquake,,18.3,,26,reviewed,us,us
2005-10-22T19:11:24.000Z,38.108,26.609,8.4,3.3,md,5,168.6,,,us,usp000e2jj,2014-11-07T01:27:27.817Z,"22 km WSW of Seferihisar, Turkey",earthquake,,,,,reviewed,isk,ath
2005-10-22T19:06:20.150Z,51.707,-178.499,10,2.5,ml,4,351,,,us,usp000e2jh,2019-02-13T03:35:42.094Z,"130 km W of Adak, Alaska",earthquake,,,,,reviewed,aeic,aeic
2005-10-22T19:05:07.000Z,38.129,26.799,12.3,3.6,md,8,111.9,,,us,usp000e2jg,2014-11-07T01:27:27.815Z,"8 km SSW of Seferihisar, Turkey",earthquake,,,,,reviewed,isk,ath
2005-10-22T19:04:07.000Z,38.25,26.72,12,3.1,md,4,189.5,,,us,usp000e2jf,2014-11-07T01:27:27.813Z,"8 km SSW of Urla, Turkey",earthquake,,,,,reviewed,isk,ath
2005-10-22T18:59:54.000Z,38.292,26.532,19,3.2,md,4,169.4,,,us,usp000e2je,2014-11-07T01:27:27.812Z,"13 km E of Alaçat?, Turkey",earthquake,,,,,reviewed,isk,ath
2005-10-22T18:35:14.460Z,-12.764,166.871,265.7,4.6,mb,40,121.1,,0.74,us,usp000e2jd,2014-11-07T01:27:27.809Z,"143 km NNW of Sola, Vanuatu",earthquake,,10.2,,5,reviewed,us,us
2005-10-22T18:16:27.410Z,43.86,146.269,103.1,3.6,mb,13,135,,0.62,us,usp000e2jc,2014-11-07T01:27:27.807Z,"37 km W of Shikotan, Russia",earthquake,,11.7,,1,reviewed,us,us
2005-10-22T18:00:07.000Z,38.184,26.605,5.3,3.7,md,8,161.5,,,us,usp000e2jb,2014-11-07T01:27:27.805Z,"20 km W of Seferihisar, Turkey",earthquake,,,,,reviewed,isk,ath
2005-10-22T17:53:26.230Z,19.4213333,-155.606,41.05,2.53,ml,26,72,,0.13,hv,hv5457545,2020-03-31T21:30:30.840Z,"27 km E of Honaunau-Napoopoo, Hawaii",earthquake,0.88,1.23,0.19,11,reviewed,hv,hv
2005-10-22T17:11:01.300Z,38.33,21.82,26,3.5,md,7,105.2,,,us,usp000e2ja,2014-11-07T01:27:27.803Z,"3 km NE of Aktaío, Greece",earthquake,,,,,reviewed,ath,ath
2005-10-22T17:09:35.000Z,38.128,26.66,14.1,3.3,md,4,176.5,,,us,usp000e2j9,2014-11-07T01:27:27.801Z,"17 km WSW of Seferihisar, Turkey",earthquake,,,,,reviewed,isk,ath
2005-10-22T17:05:03.000Z,38.29,26.649,25.5,3.3,md,4,182.6,,,us,usp000e2j8,2014-11-07T01:27:27.799Z,"10 km WSW of Urla, Turkey",earthquake,,,,,reviewed,isk,ath
2005-10-22T16:52:25.900Z,35.91,23.46,12,2.9,md,5,163.1,,,us,usp000e2j7,2014-11-07T01:27:27.798Z,"49 km NNW of Kíssamos, Greece",earthquake,,,,,reviewed,ath,ath
2005-10-22T16:08:36.000Z,38.15,26.62,7.4,3.3,md,5,172.5,,,us,usp000e2j6,2014-11-07T01:27:27.796Z,"19 km WSW of Seferihisar, Turkey",earthquake,,,,,reviewed,isk,ath
2005-10-22T16:07:28.360Z,-24.012,-66.887,191.6,4.1,mb,9,95.1,,1.25,us,usp000e2j5,2014-11-07T01:27:27.794Z,"62 km WNW of San Antonio de los Cobres, Argentina",earthquake,,18.9,,1,reviewed,us,us
2005-10-22T16:01:44.080Z,-12.515,166.972,272.3,4.3,mb,15,156.2,,1.32,us,usp000e2j4,2014-11-07T01:27:27.792Z,"163 km NNW of Sola, Vanuatu",earthquake,,26.6,,4,reviewed,us,us
2005-10-22T15:43:25.480Z,12.343,95.031,15.7,4.5,mb,18,148.4,,0.95,us,usp000e2j3,2014-11-07T01:27:27.789Z,"259 km ENE of Port Blair, India",earthquake,,,,8,reviewed,us,us
2005-10-22T15:42:02.000Z,38.02,26.77,45,3,md,4,187.8,,,us,usp000e2j2,2014-11-07T01:27:27.788Z,"20 km SSW of Seferihisar, Turkey",earthquake,,,,,reviewed,ath,ath
2005-10-22T15:35:24.000Z,38.177,26.611,12.1,3.8,ml,15,64,,,us,usp000e2j1,2014-11-07T01:27:27.786Z,"20 km W of Seferihisar, Turkey",earthquake,,,,,reviewed,isk,ath
2005-10-22T15:33:13.860Z,1.709,97.154,30,4.7,mb,10,203.3,,1.43,us,usp000e2j0,2014-11-07T01:27:27.784Z,"95 km SW of Singkil, Indonesia",earthquake,,,,1,reviewed,us,us
2005-10-22T15:31:49.670Z,34.223,73.628,10,4.4,mb,38,161.6,,0.99,us,usp000e2hz,2014-11-07T01:27:27.780Z,"21 km SE of Muzaffar?b?d, Pakistan",earthquake,,,,14,reviewed,us,us
2005-10-22T15:19:28.710Z,-59.381,-26.049,89.1,4.5,mb,26,63.8,,0.95,us,usp000e2hy,2014-11-07T01:27:27.778Z,"South Sandwich Islands region",earthquake,,19.5,,7,reviewed,us,us
2005-10-22T14:59:26.200Z,38.12,27,38,3,md,4,224.1,,,us,usp000e2hx,2014-11-07T01:27:27.777Z,"16 km NW of Özdere, Turkey",earthquake,,,,,reviewed,ath,ath
2005-10-22T14:12:03.000Z,38.192,26.701,24.3,3.2,md,4,185,,,us,usp000e2hw,2014-11-07T01:27:27.776Z,"12 km W of Seferihisar, Turkey",earthquake,,,,,reviewed,isk,ath
2005-10-22T13:55:09.800Z,34.73,23.96,10,3.6,md,4,308,,,us,usp000e2hv,2014-11-07T01:27:27.775Z,"16 km SW of Kastrí, Greece",earthquake,,,,,reviewed,ath,ath
2005-10-22T13:51:15.000Z,38.202,26.732,9.9,3.3,md,4,189.3,,,us,usp000e2hu,2014-11-07T01:27:27.773Z,"9 km W of Seferihisar, Turkey",earthquake,,,,,reviewed,isk,ath
2005-10-22T13:50:14.100Z,-32.585,-71.552,36.6,3.1,md,5,197.6,,,us,usp000e2ht,2014-11-07T01:27:27.772Z,"33 km WSW of La Ligua, Chile",earthquake,,,,,reviewed,guc,guc
2005-10-22T13:45:20.400Z,25.568,96.05,102.8,5,mb,20,117,,1.14,us,usp000e2hs,2014-11-07T01:27:27.770Z,"103 km SW of Sarupathar, India",earthquake,,9.9,,10,reviewed,us,us
2005-10-22T13:27:50.543Z,60.2711,-152.3628,91.2,2.5,ml,,,,0.32,ak,ak005dk3fwry,2019-02-13T03:35:41.287Z,"45 km WNW of Ninilchik, Alaska",earthquake,,13.2,,,reviewed,ak,ak
2005-10-22T13:14:43.100Z,-23.678,-68.268,106.6,4.5,mb,27,61.2,,,us,usp000e2hr,2014-11-07T01:27:27.767Z,"85 km S of San Pedro de Atacama, Chile",earthquake,,,,8,reviewed,guc,us
2005-10-22T13:12:47.820Z,37.148,140.931,53.2,5.5,mwc,377,45.4,,0.73,us,usp000e2hq,2022-07-14T13:52:08.271Z,"11 km NNE of Iwaki, Japan",earthquake,,,,,reviewed,us,hrv
2005-10-22T12:42:43.000Z,38.153,26.674,20.8,3.6,md,5,179.7,,,us,usp000e2hp,2014-11-07T01:27:27.732Z,"15 km WSW of Seferihisar, Turkey",earthquake,,,,,reviewed,isk,ath
2005-10-22T12:28:11.756Z,57.5339,-156.4544,94.6,2.6,ml,,,,0.22,ak,ak005dk2ulw7,2019-02-13T03:35:40.866Z,"56 km E of Ugashik, Alaska",earthquake,,1.9,,,reviewed,ak,ak
2005-10-22T12:24:36.458Z,57.9773,-148.4719,1,2.7,ml,,,,0.44,ak,ak005dk2tsxp,2019-02-13T03:35:46.277Z,"230 km E of Chiniak, Alaska",earthquake,,0,,,reviewed,ak,ak
2005-10-22T12:16:35.880Z,-5.824,129.996,15,5.7,mwb,85,40,,1.13,us,usp000e2hk,2022-05-02T18:05:08.221Z,"299 km SSE of Amahai, Indonesia",earthquake,,0,,,reviewed,us,us
2005-10-22T12:13:59.400Z,38.18,26.8,5,3.1,md,4,197.5,,,us,usp000e2hj,2014-11-07T01:27:27.693Z,"3 km WSW of Seferihisar, Turkey",earthquake,,,,,reviewed,ath,ath
2005-10-22T12:13:15.910Z,21.843,-80.918,10,4.1,mb,19,140.4,,1.4,us,usp000e2hh,2014-11-07T01:27:27.690Z,"59 km SW of Cienfuegos, Cuba",earthquake,,,,7,reviewed,us,us
2005-10-22T12:00:57.190Z,5.289,94.361,30,4.6,mb,14,194.8,,0.81,us,usp000e2hg,2014-11-07T01:27:27.688Z,"111 km WSW of Banda Aceh, Indonesia",earthquake,,,,4,reviewed,us,us
2005-10-22T11:45:15.780Z,-20.302,168.905,19.9,4.3,mb,14,131.4,,0.83,us,usp000e2hf,2014-11-07T01:27:27.686Z,"92 km SSW of Isangel, Vanuatu",earthquake,,44.2,,4,reviewed,us,us
2005-10-22T11:43:50.132Z,51.1786,179.8294,5.5,2.5,ml,,,,0.34,ak,ak005dk2cgzp,2019-02-13T03:35:45.924Z,"257 km WSW of Adak, Alaska",earthquake,,22.5,,,reviewed,ak,ak
2005-10-22T11:29:28.700Z,38.07,26.49,35,3.3,md,4,150.8,,,us,usp000e2he,2014-11-07T01:27:27.685Z,"25 km SSE of Alaçat?, Turkey",earthquake,,,,,reviewed,ath,ath
2005-10-22T11:09:40.000Z,38.108,26.705,15.9,3.2,md,4,181.9,,,us,usp000e2hd,2014-11-07T01:27:27.684Z,"15 km SW of Seferihisar, Turkey",earthquake,,,,,reviewed,isk,ath
2005-10-22T11:09:12.620Z,12.355,94.98,77.7,4.7,mb,50,75.8,,1.05,us,usp000e2hc,2014-11-07T01:27:27.678Z,"254 km ENE of Port Blair, India",earthquake,,13.2,,26,reviewed,us,us
2005-10-22T10:55:35.900Z,-35.006,-70.792,108.1,3.2,md,5,323.6,,,us,usp000e2hb,2014-11-07T01:27:27.677Z,"37 km ESE of Teno, Chile",earthquake,,,,,reviewed,guc,guc
2005-10-22T10:50:20.000Z,38.136,26.694,19.7,3.3,md,4,181.6,,,us,usp000e2ha,2014-11-07T01:27:27.676Z,"14 km WSW of Seferihisar, Turkey",earthquake,,,,,reviewed,isk,ath
2005-10-22T10:21:08.000Z,38.139,26.588,13.9,3.6,ml,8,106.8,,,us,usp000e2h9,2014-11-07T01:27:27.675Z,"22 km WSW of Seferihisar, Turkey",earthquake,,,,,reviewed,isk,ath
2005-10-22T10:08:52.000Z,38.165,26.655,11.3,3.5,md,5,177.8,,,us,usp000e2h8,2014-11-07T01:27:27.673Z,"16 km WSW of Seferihisar, Turkey",earthquake,,,,,reviewed,isk,ath
2005-10-22T09:31:03.000Z,38.08,26.81,50,3,md,4,196.4,,,us,usp000e2h7,2014-11-07T01:27:27.672Z,"13 km S of Seferihisar, Turkey",earthquake,,,,,reviewed,ath,ath
2005-10-22T09:26:46.200Z,34.549,73.265,10,3.8,mb,32,102,,1.14,us,usp000e2h6,2014-11-07T01:27:27.669Z,"12 km NNE of Baffa, Pakistan",earthquake,,,,7,reviewed,us,us
2005-10-22T08:50:41.000Z,37.936,26.936,31.7,3.1,md,4,220.6,,,us,usp000e2h5,2014-11-07T01:27:27.667Z,"17 km NNE of Kokkári, Greece",earthquake,,,,,reviewed,isk,ath
2005-10-22T08:49:06.470Z,-17.583,-72.505,40.1,4.5,mb,23,146.2,,1.5,us,usp000e2h4,2014-11-07T01:27:27.665Z,"77 km SSW of Islay (Matarani), Peru",earthquake,,11.9,,6,reviewed,us,us
2005-10-22T08:41:55.840Z,27.481,143.397,20.5,4.4,mwr,30,106.1,,0.9,us,usp000e2h3,2014-11-07T01:27:27.661Z,"Bonin Islands, Japan region",earthquake,,23.3,,,reviewed,us,nied
2005-10-22T08:41:06.280Z,45.745,26.587,88.8,3.2,md,10,106.2,,0.84,us,usp000e2h2,2014-11-07T01:27:27.659Z,"9 km WNW of Nereju Mic, Romania",earthquake,,17.3,,,reviewed,us,irsa
2005-10-22T08:28:58.000Z,38.065,26.781,18.7,3.4,md,4,191.5,,,us,usp000e2h1,2014-11-07T01:27:27.657Z,"15 km SSW of Seferihisar, Turkey",earthquake,,,,,reviewed,isk,ath
2005-10-22T07:36:52.000Z,38.121,26.691,17.9,3.3,md,4,180.4,,,us,usp000e2h0,2014-11-07T01:27:27.655Z,"15 km WSW of Seferihisar, Turkey",earthquake,,,,,reviewed,isk,ath
2005-10-22T07:30:34.000Z,38.228,26.635,19.2,3.5,md,4,178.4,,,us,usp000e2gz,2014-11-07T01:27:27.654Z,"15 km SW of Urla, Turkey",earthquake,,,,,reviewed,isk,ath
2005-10-22T07:21:03.000Z,38.132,26.889,10.9,3.8,ml,8,175.6,,,us,usp000e2gy,2014-11-07T01:27:27.652Z,"8 km SSE of Seferihisar, Turkey",earthquake,,,,,reviewed,isk,isk
2005-10-22T07:01:52.000Z,38.177,26.674,31.9,3.2,md,4,180.9,,,us,usp000e2gx,2014-11-07T01:27:27.651Z,"14 km W of Seferihisar, Turkey",earthquake,,,,,reviewed,isk,ath
2005-10-22T06:52:07.920Z,46.1966667,-122.1935,-1.929,2.6,md,13,105,,0.11,uw,uw10684818,2016-07-22T21:59:44.960Z,"37 km NNE of Amboy, Washington",earthquake,0.028,0.63,0.05,3,reviewed,uw,uw
2005-10-22T06:49:07.000Z,38.163,26.67,13.3,3.2,md,4,179.6,,,us,usp000e2gv,2014-11-07T01:27:27.648Z,"15 km WSW of Seferihisar, Turkey",earthquake,,,,,reviewed,isk,isk
2005-10-22T06:38:19.000Z,-30.225,117.878,3,2.7,ml,8,98.8,,,us,usp000e2gu,2014-11-07T01:27:27.647Z,"144 km NNW of Merredin, Australia",earthquake,,,,,reviewed,aust,aust
2005-10-22T05:18:18.000Z,38.039,26.898,25,2.8,md,4,210.3,,,us,usp000e2gt,2014-11-07T01:27:27.646Z,"18 km SSE of Seferihisar, Turkey",earthquake,,,,,reviewed,isk,ath
2005-10-22T05:03:04.550Z,38.196,26.771,29.2,3.1,md,4,194.1,,,us,usp000e2gs,2014-11-07T01:27:27.645Z,"5 km W of Seferihisar, Turkey",earthquake,,,,,reviewed,isk,ath
2005-10-22T04:35:40.000Z,38.162,26.69,13.2,3.3,md,4,182.3,,,us,usp000e2gr,2014-11-07T01:27:27.643Z,"13 km WSW of Seferihisar, Turkey",earthquake,,,,,reviewed,isk,ath
2005-10-22T04:28:52.890Z,38.093,26.732,12.2,3.2,md,4,185,,,us,usp000e2gq,2014-11-07T01:27:27.642Z,"14 km SW of Seferihisar, Turkey",earthquake,,,,,reviewed,isk,ath
2005-10-22T04:16:40.770Z,38.126,26.74,12.1,3.5,md,6,186.3,,,us,usp000e2gp,2014-11-07T01:27:27.641Z,"11 km SW of Seferihisar, Turkey",earthquake,,,,,reviewed,isk,ath
2005-10-22T04:11:34.800Z,-33.86,-72.136,38.6,2.8,md,4,281.8,,,us,usp000e2gn,2014-11-07T01:27:27.640Z,"57 km WSW of San Antonio, Chile",earthquake,,,,,reviewed,guc,guc
2005-10-22T04:09:23.900Z,-31.67,-70.354,121.2,2.6,md,8,232.3,,,us,usp000e2gm,2014-11-07T01:27:27.639Z,"59 km ENE of Salamanca, Chile",earthquake,,,,,reviewed,guc,guc
2005-10-22T03:52:24.770Z,38.086,26.726,13,3.2,md,5,183.8,,,us,usp000e2gk,2014-11-07T01:27:27.637Z,"15 km SW of Seferihisar, Turkey",earthquake,,,,,reviewed,isk,ath
2005-10-22T03:34:43.790Z,38.148,26.749,13,3.4,md,5,189.6,,,us,usp000e2gj,2014-11-07T01:27:27.636Z,"9 km SW of Seferihisar, Turkey",earthquake,,,,,reviewed,isk,ath
2005-10-22T03:30:00.200Z,38.151,26.864,25.8,3.3,md,5,205.6,,,us,usp000e2gh,2014-11-07T01:27:27.635Z,"5 km SSE of Seferihisar, Turkey",earthquake,,,,,reviewed,isk,ath
2005-10-22T03:19:48.730Z,38.214,26.665,8.3,3.1,md,5,181.4,,,us,usp000e2gg,2014-11-07T01:27:27.634Z,"14 km SW of Urla, Turkey",earthquake,,,,,reviewed,isk,ath
2005-10-22T03:08:12.650Z,38.139,26.719,7.4,3.3,md,5,185.2,,,us,usp000e2gf,2014-11-07T01:27:27.632Z,"12 km WSW of Seferihisar, Turkey",earthquake,,,,,reviewed,isk,ath
2005-10-22T02:55:59.800Z,38.192,26.727,19.5,3.6,md,4,188.4,,,us,usp000e2ge,2014-11-07T01:27:27.631Z,"9 km W of Seferihisar, Turkey",earthquake,,,,,reviewed,isk,ath
2005-10-22T02:50:51.010Z,34.596,-4.977,0,4.2,mb,41,142.7,,,us,usp000e2gd,2014-11-07T01:27:27.627Z,"31 km WNW of Taounate, Morocco",earthquake,,,,2,reviewed,mdd,us
2005-10-22T02:38:44.050Z,38.141,26.831,15.2,3.5,md,7,172.7,,,us,usp000e2gc,2014-11-07T01:27:27.626Z,"6 km S of Seferihisar, Turkey",earthquake,,,,,reviewed,isk,ath
2005-10-22T02:21:37.790Z,38.129,26.704,17.2,3.1,md,5,182.6,,,us,usp000e2gb,2014-11-07T01:27:27.624Z,"14 km WSW of Seferihisar, Turkey",earthquake,,,,,reviewed,isk,isk
2005-10-22T02:09:58.500Z,38.98,21.63,15,3.4,md,24,47.1,,,us,usp000e2ga,2014-11-07T01:27:27.621Z,"2 km SSW of Kerasochóri, Greece",earthquake,,,,,reviewed,ath,ath
2005-10-22T02:03:37.490Z,-17.675,-175.229,220.7,3.7,mb,20,118.9,,0.8,us,usp000e2g9,2014-11-07T01:27:27.619Z,"170 km NW of Neiafu, Tonga",earthquake,,11.5,,4,reviewed,us,us
2005-10-22T02:03:16.290Z,0.692,100.065,30,4.9,mb,21,97.5,,1.03,us,usp000e2g8,2014-11-07T01:27:27.617Z,"115 km NNW of Bukittinggi, Indonesia",earthquake,,,,8,reviewed,us,us
2005-10-22T01:59:04.170Z,38.172,26.712,13.7,3,md,4,185.5,,,us,usp000e2g7,2014-11-07T01:27:27.615Z,"11 km WSW of Seferihisar, Turkey",earthquake,,,,,reviewed,isk,isk
2005-10-22T01:53:09.970Z,14.23,144.345,174.9,4,mb,11,186.1,,1.29,us,usp000e2g6,2014-11-07T01:27:27.614Z,"92 km NNW of Piti Village, Guam",earthquake,,11.7,,1,reviewed,us,us
2005-10-22T01:41:26.490Z,38.147,26.659,8.1,3.5,md,4,177.4,,,us,usp000e2g5,2014-11-07T01:27:27.613Z,"16 km WSW of Seferihisar, Turkey",earthquake,,,,,reviewed,isk,ath
2005-10-22T01:26:00.230Z,38.142,26.718,10.5,3.6,md,9,165.7,,,us,usp000e2g4,2014-11-07T01:27:27.611Z,"12 km WSW of Seferihisar, Turkey",earthquake,,,,,reviewed,isk,ath
2005-10-22T01:05:50.510Z,38.168,26.68,13.4,3.8,ml,15,165,,,us,usp000e2g3,2014-11-07T01:27:27.609Z,"14 km WSW of Seferihisar, Turkey",earthquake,,,,,reviewed,isk,ath
2005-10-22T00:50:49.720Z,38.184,26.652,12,3.3,md,4,178.3,,,us,usp000e2g2,2014-11-07T01:27:27.608Z,"16 km W of Seferihisar, Turkey",earthquake,,,,,reviewed,isk,ath
2005-10-22T00:46:08.190Z,38.118,26.781,14.5,3.2,md,4,193.2,,,us,usp000e2g1,2014-11-07T01:27:27.607Z,"10 km SSW of Seferihisar, Turkey",earthquake,,,,,reviewed,isk,ath
2005-10-22T00:37:11.810Z,38.184,26.657,14.5,3.2,md,4,179.1,,,us,usp000e2g0,2014-11-07T01:27:27.606Z,"15 km W of Seferihisar, Turkey",earthquake,,,,,reviewed,isk,ath
2005-10-22T00:10:07.710Z,38.164,26.669,14.5,3.2,md,4,179.5,,,us,usp000e2fz,2014-11-07T01:27:27.604Z,"15 km WSW of Seferihisar, Turkey",earthquake,,,,,reviewed,isk,isk
2005-10-21T23:53:42.310Z,44.62,140.844,264.5,4,mb,24,124.6,,0.89,us,usp000e2fy,2014-11-07T01:27:27.602Z,"66 km SSW of Rishiri Town, Japan",earthquake,,7.6,,7,reviewed,us,us
2005-10-21T23:47:03.600Z,38.12,26.856,15.4,3.5,md,12,194.6,,,us,usp000e2fx,2014-11-07T01:27:27.600Z,"8 km S of Seferihisar, Turkey",earthquake,,,,,reviewed,isk,ath
2005-10-21T23:39:57.900Z,38.166,26.765,15.5,3.4,md,5,192.4,,,us,usp000e2fw,2014-11-07T01:27:27.598Z,"7 km WSW of Seferihisar, Turkey",earthquake,,,,,reviewed,isk,ath
2005-10-21T22:55:01.900Z,38.14,26.52,10,3.5,md,4,159.6,,,us,usp000e2fv,2014-11-07T01:27:27.597Z,"20 km SE of Alaçat?, Turkey",earthquake,,,,,reviewed,ath,ath
2005-10-21T22:49:18.500Z,38.154,26.802,20.8,3.3,md,4,197.1,,,us,usp000e2fu,2014-11-07T01:27:27.596Z,"5 km SSW of Seferihisar, Turkey",earthquake,,,,,reviewed,isk,ath
2005-10-21T22:45:29.220Z,6.841,-72.991,165.7,4,mb,9,126,,0.79,us,usp000e2ft,2014-11-07T01:27:27.594Z,"9 km N of Cepitá, Colombia",earthquake,,9.9,,2,reviewed,us,us
2005-10-21T21:28:05.900Z,-37.91,177.58,60,3.8,ml,39,111.8,,,us,usp000e2fs,2014-11-07T01:27:27.591Z,"27 km ENE of Opotiki, New Zealand",earthquake,,,,,reviewed,wel,wel
2005-10-21T21:23:16.940Z,-7.074,126.056,444.7,3.8,mb,8,167.6,,0.24,us,usp000e2fr,2014-11-07T01:27:27.589Z,"159 km N of Manatutu, Timor Leste",earthquake,,47.1,,2,reviewed,us,us
2005-10-21T21:06:25.960Z,-23.983,-66.585,191.1,3.5,mb,13,92.7,,0.85,us,usp000e2fq,2014-11-07T01:27:27.588Z,"37 km NW of San Antonio de los Cobres, Argentina",earthquake,,9.3,,2,reviewed,us,us
2005-10-21T21:05:36.240Z,24.853,142.438,39,4.2,mb,18,120.2,,0.66,us,usp000e2fp,2014-11-07T01:27:27.586Z,"Volcano Islands, Japan region",earthquake,,12.4,,5,reviewed,us,us
2005-10-21T20:51:54.500Z,50.12,7.68,10,2.8,ml,25,167.4,,,us,usp000e2fn,2014-11-07T01:27:27.581Z,"3 km WNW of Oberwesel, Germany",earthquake,,,,,reviewed,str,ldg
2005-10-21T20:38:40.700Z,38.123,26.73,13.3,3.4,md,5,186,,,us,usp000e2fm,2014-11-07T01:27:27.579Z,"12 km SW of Seferihisar, Turkey",earthquake,,,,,reviewed,isk,ath
2005-10-21T20:38:34.950Z,51.176,-179.254,26,3,ml,9,349.5,,,us,usp000e2fk,2019-02-13T03:35:25.918Z,"197 km WSW of Adak, Alaska",earthquake,,,,,reviewed,aeic,aeic
2005-10-21T20:29:22.530Z,13.053,93.28,30,3.9,mb,16,180.3,,0.69,us,usp000e2fj,2014-11-07T01:27:27.574Z,"161 km NNE of Bamboo Flat, India",earthquake,,,,4,reviewed,us,us
2005-10-21T20:13:11.570Z,18.531,145.436,280.6,4.3,mb,61,73.4,,0.84,us,usp000e2fh,2014-11-07T01:27:27.569Z,"Pagan region, Northern Mariana Islands",earthquake,,9.2,,28,reviewed,us,us
2005-10-21T20:10:44.050Z,36.554,70.45,201.1,3.9,mb,10,217.5,,0.89,us,usp000e2fg,2014-11-07T01:27:27.567Z,"48 km SW of Jurm, Afghanistan",earthquake,,35,,5,reviewed,us,us
2005-10-21T20:07:58.310Z,34.682,73.098,10,4,mb,25,97.2,,0.68,us,usp000e2ff,2014-11-07T01:27:27.564Z,"6 km E of Battagram, Pakistan",earthquake,,,,6,reviewed,us,us
2005-10-21T20:03:39.600Z,38.107,26.798,15.1,3.7,md,9,170,,,us,usp000e2fe,2014-11-07T01:27:27.562Z,"10 km SSW of Seferihisar, Turkey",earthquake,,,,,reviewed,isk,ath
2005-10-21T19:56:35.233Z,63.2439,-151.145,0.7,2.8,ml,,,,0.95,ak,ak005dijnchv,2019-02-13T03:35:25.098Z,"43 km SE of Denali National Park, Alaska",earthquake,,0.4,,,reviewed,ak,ak
2005-10-21T19:47:30.500Z,54.53,-163.677,84.3,2.6,m,17,184,,,us,usp000e2fc,2019-02-13T03:35:24.709Z,"39 km SSW of False Pass, Alaska",earthquake,,,,,reviewed,aeic,aeic
2005-10-21T19:34:47.220Z,-4.636,-105.138,10,4.6,mb,50,87.9,,0.85,us,usp000e2fb,2014-11-07T01:27:27.549Z,"central East Pacific Rise",earthquake,,,,19,reviewed,us,us
2005-10-21T19:27:21.410Z,51.514,-179.914,68.7,3.3,ml,5,355.4,,,us,usp000e2fa,2019-02-13T03:35:34.851Z,"230 km WSW of Adak, Alaska",earthquake,,,,,reviewed,aeic,aeic
2005-10-21T19:26:45.170Z,-9.083,-78.78,79.2,4.3,mb,25,96.4,,0.5,us,usp000e2f9,2014-11-07T01:27:27.545Z,"18 km SW of Puerto Santa, Peru",earthquake,,11.9,,11,reviewed,us,us
2005-10-21T19:17:43.700Z,38.172,26.735,13.7,3.5,md,5,188.6,,,us,usp000e2f8,2014-11-07T01:27:27.544Z,"9 km WSW of Seferihisar, Turkey",earthquake,,,,,reviewed,isk,ath
2005-10-21T18:52:43.560Z,-8.168,120.642,155.1,3.9,mb,9,145,,0.48,us,usp000e2f7,2014-11-07T01:27:27.542Z,"52 km NNE of Ruteng, Indonesia",earthquake,,30.2,,3,reviewed,us,us
2005-10-21T18:45:54.570Z,37.644,-122.5096667,7.303,2.66,md,92,105,0.02883,0.08,nc,nc21490863,2017-01-12T22:37:21.970Z,"3 km NNW of Pacifica, California",earthquake,0.14,0.26,0.15,66,reviewed,nc,nc
2005-10-21T18:42:32.200Z,38.019,26.913,15.6,3.2,md,4,213.1,,,us,usp000e2f5,2014-11-07T01:27:27.539Z,"18 km W of Özdere, Turkey",earthquake,,,,,reviewed,isk,ath
2005-10-21T18:27:51.440Z,51.567,-179.796,76.7,3.2,m,5,353.7,,,us,usp000e2f4,2019-02-13T03:35:34.393Z,"221 km W of Adak, Alaska",earthquake,,,,,reviewed,aeic,aeic
2005-10-21T18:20:44.000Z,38.121,26.759,15.2,3.3,md,4,190.1,,,us,usp000e2f3,2014-11-07T01:27:27.535Z,"11 km SW of Seferihisar, Turkey",earthquake,,,,,reviewed,isk,ath
2005-10-21T18:07:32.200Z,51.515,-179.363,46.9,3.6,ml,20,213.7,,0.87,us,usp000e2f2,2019-02-13T03:35:24.284Z,"192 km WSW of Adak, Alaska",earthquake,,11.7,,,reviewed,us,aeic
2005-10-21T17:56:45.000Z,38.16,26.594,18.1,3.3,md,4,169.8,,,us,usp000e2f1,2014-11-07T01:27:27.531Z,"21 km W of Seferihisar, Turkey",earthquake,,,,,reviewed,isk,ath
2005-10-21T17:09:08.410Z,42.949,145.383,38.4,4.1,mb,14,166.5,,0.43,us,usp000e2f0,2014-11-07T01:27:27.512Z,"44 km SSW of Nemuro, Japan",earthquake,,43.1,,1,reviewed,us,us
2005-10-21T16:49:20.880Z,-5.931,147.446,93.3,4,mb,7,161.8,,0.18,us,usp000e2ez,2014-11-07T01:27:27.510Z,"82 km NNW of Finschhafen, Papua New Guinea",earthquake,,26.4,,1,reviewed,us,us
2005-10-21T16:34:36.700Z,38.2,26.682,17,3.8,ml,21,138.1,,,us,usp000e2ey,2014-11-07T01:27:27.507Z,"13 km W of Seferihisar, Turkey",earthquake,,,,,reviewed,isk,isk
2005-10-21T16:17:34.350Z,34.656,73.431,10,4.4,mb,31,96.6,,1.09,us,usp000e2ex,2014-11-07T01:27:27.503Z,"30 km NE of Baffa, Pakistan",earthquake,,,,11,reviewed,us,us
2005-10-21T16:11:29.470Z,34.73,73.24,10,3.5,mb,19,115.8,,0.69,us,usp000e2ew,2014-11-07T01:27:27.500Z,"20 km ENE of Battagram, Pakistan",earthquake,,,,2,reviewed,us,us
2005-10-21T16:05:04.820Z,-21.58,170.232,178.9,4.4,mb,20,156.8,,0.99,us,usp000e2ev,2014-11-07T01:27:27.498Z,"243 km E of Tadine, New Caledonia",earthquake,,9.3,,9,reviewed,us,us
2005-10-21T15:50:16.500Z,38.14,26.71,35,3.4,md,4,184,,,us,usp000e2eu,2014-11-07T01:27:27.497Z,"12 km WSW of Seferihisar, Turkey",earthquake,,,,,reviewed,ath,ath
2005-10-21T15:34:53.960Z,40.571,-0.174,10,3.6,ml,34,272.2,,0.83,us,usp000e2et,2014-11-07T01:27:27.492Z,"3 km ESE of Cinctorres, Spain",earthquake,,,,,reviewed,us,str
2005-10-21T15:16:08.947Z,60.2666,-151.4417,50.8,2.6,ml,,,,0.56,ak,ak005dih0zem,2019-02-13T03:35:23.444Z,"4 km NW of Clam Gulch, Alaska",earthquake,,0.5,,,reviewed,ak,ak
2005-10-21T15:03:37.750Z,21.301,120.144,25.6,4.7,mb,48,87.5,,0.78,us,usp000e2er,2014-11-07T01:27:27.484Z,"99 km SW of Hengchun, Taiwan",earthquake,,,,21,reviewed,us,us
2005-10-21T14:50:41.350Z,-7.293,130.93,50,4.1,mb,9,160.9,,0.73,us,usp000e2eq,2014-11-07T01:27:27.482Z,"272 km SW of Tual, Indonesia",earthquake,,0,,2,reviewed,us,us
2005-10-21T14:45:36.030Z,34.458,73.981,10,4,mb,18,196.6,,0.78,us,usp000e2ep,2014-11-07T01:27:27.480Z,"42 km N of Uri, India",earthquake,,,,3,reviewed,us,us
2005-10-21T14:26:54.000Z,-21.433,-69.271,105,3.7,mb,7,167.1,,,us,usp000e2en,2014-11-07T01:27:27.478Z,"118 km NNW of Calama, Chile",earthquake,,,,2,reviewed,guc,us
2005-10-21T14:17:39.810Z,-9.379,117.476,110.3,4.2,mb,15,92.3,,1.23,us,usp000e2em,2014-11-07T01:27:27.476Z,"98 km S of Sumbawa Besar, Indonesia",earthquake,,61.5,,5,reviewed,us,us
2005-10-21T14:16:16.000Z,-32.468,-72.018,27.8,4.2,ml,27,163.7,,,us,usp000e2ek,2014-11-07T01:27:27.473Z,"72 km NNW of Valparaíso, Chile",earthquake,,,,,reviewed,guc,guc
2005-10-21T14:15:13.140Z,-26.142,178.5,600,4.5,mb,22,145.6,,0.74,us,usp000e2ej,2014-11-07T01:27:27.457Z,"south of the Fiji Islands",earthquake,,7.9,,9,reviewed,us,us
2005-10-21T14:14:12.296Z,60.6463,-141.1889,12.2,2.5,ml,,,,0.5,ak,ak005digf4ml,2019-02-13T03:35:23.096Z,"128 km SE of McCarthy, Alaska",earthquake,,4.8,,,reviewed,ak,ak
2005-10-21T13:23:40.420Z,13.015,143.14,188.9,4.4,mb,40,106.9,,1.03,us,usp000e2eg,2014-11-07T01:27:27.452Z,"168 km W of Umatac Village, Guam",earthquake,,9.6,,21,reviewed,us,us
2005-10-21T13:21:54.290Z,11.641,-85.84,59.3,3.7,mb,7,170.9,,1.02,us,usp000e2ef,2014-11-07T01:27:27.451Z,"16 km NNE of Belén, Nicaragua",earthquake,,29.8,,1,reviewed,us,us
2005-10-21T13:17:25.950Z,40.088,48.377,44.8,3.7,mb,10,198.4,,1.24,us,usp000e2ee,2014-11-07T01:27:27.449Z,"12 km NW of Sabirabad, Azerbaijan",earthquake,,28.4,,6,reviewed,us,us
2005-10-21T13:13:49.000Z,38.12,27.06,4,3.5,ml,4,231.8,,,us,usp000e2ed,2014-11-07T01:27:27.448Z,"12 km NNW of Özdere, Turkey",earthquake,,,,,reviewed,ath,isk
2005-10-21T13:05:25.150Z,-21.159,-68.435,101.6,4.2,mb,7,166.5,,0.89,us,usp000e2ec,2014-11-07T01:27:27.447Z,"152 km NNE of Calama, Chile",earthquake,,13.6,,2,reviewed,us,us
2005-10-21T12:48:30.500Z,38.129,26.674,5,3.8,ml,13,163.9,,,us,usp000e2eb,2014-11-07T01:27:27.445Z,"16 km WSW of Seferihisar, Turkey",earthquake,,,,,reviewed,isk,ath
2005-10-21T12:26:48.860Z,-11.291,166.751,289.9,4.6,mb,82,105.6,,0.99,us,usp000e2ea,2014-11-07T01:27:27.438Z,"121 km ESE of Lata, Solomon Islands",earthquake,,11.3,,42,reviewed,us,us
2005-10-21T12:07:41.200Z,37.61,20.92,18,3.4,md,5,217,,,us,usp000e2e9,2014-11-07T01:27:27.437Z,"14 km SSE of Lithakiá, Greece",earthquake,,,,,reviewed,ath,ath
2005-10-21T11:56:14.700Z,38.218,26.605,10.3,3.6,md,4,174.2,,,us,usp000e2e8,2014-11-07T01:27:27.436Z,"18 km SW of Urla, Turkey",earthquake,,,,,reviewed,isk,ath
2005-10-21T11:55:31.540Z,-5.06,129.556,192.5,4.5,mb,21,159.3,,0.63,us,usp000e2e7,2014-11-07T01:27:27.434Z,"202 km SSE of Amahai, Indonesia",earthquake,,21,,10,reviewed,us,us
2005-10-21T11:47:35.800Z,38.124,26.528,8.2,4.2,mb,90,47.4,,,us,usp000e2e6,2014-11-07T01:27:27.426Z,"22 km SE of Alaçat?, Turkey",earthquake,,,,17,reviewed,isk,us
2005-10-21T11:27:30.240Z,5.415,127.294,178.6,4.3,mb,20,135.2,,0.78,us,usp000e2e5,2014-11-07T01:27:27.424Z,"161 km SE of Pondaguitan, Philippines",earthquake,,10.2,,7,reviewed,us,us
2005-10-21T11:18:16.500Z,44.55,4.66,10,2.6,ml,5,218.4,,,us,usp000e2e4,2014-11-07T01:27:27.422Z,"1 km WNW of Le Teil, France",earthquake,,,,,reviewed,str,str
2005-10-21T11:11:33.900Z,37.67,20.94,16,4.4,mb,195,51.9,,,us,usp000e2e3,2014-11-07T01:27:27.407Z,"11 km ESE of Lithakiá, Greece",earthquake,,,,59,reviewed,ath,us
2005-10-21T10:26:30.300Z,38.081,26.826,9.5,3.6,md,6,196.3,,,us,usp000e2e2,2014-11-07T01:27:27.406Z,"12 km S of Seferihisar, Turkey",earthquake,,,,,reviewed,isk,ath
2005-10-21T10:15:30.490Z,34.719,73.309,10,3.3,mb,13,212.4,,0.68,us,usp000e2e1,2014-11-07T01:27:27.404Z,"26 km E of Battagram, Pakistan",earthquake,,,,2,reviewed,us,us
2005-10-21T10:11:26.340Z,21.617,143.155,250,3.4,mb,8,127.1,,0.32,us,usp000e2e0,2014-11-07T01:27:27.403Z,"Mariana Islands region",earthquake,,,,1,reviewed,us,us
2005-10-21T10:06:03.500Z,38.188,26.784,17.5,3.3,md,4,195.6,,,us,usp000e2dz,2014-11-07T01:27:27.401Z,"4 km WSW of Seferihisar, Turkey",earthquake,,,,,reviewed,isk,isk
2005-10-21T10:04:49.000Z,38.142,26.661,14.9,3.3,md,4,177.4,,,us,usp000e2dy,2014-11-07T01:27:27.400Z,"16 km WSW of Seferihisar, Turkey",earthquake,,,,,reviewed,isk,ath
2005-10-21T09:49:34.113Z,64.8686,-149.2184,16.5,2.7,ml,,,,0.45,ak,ak005didnicj,2019-02-13T03:35:21.498Z,"29 km N of Four Mile Road, Alaska",earthquake,,1.2,,,reviewed,ak,ak
2005-10-21T09:09:32.800Z,36.668,-121.2895,5.926,2.9,md,75,40,0.05946,0.05,nc,nc21490759,2017-01-12T22:33:13.310Z,"13 km SSE of Tres Pinos, California",earthquake,0.1,0.31,0.11,108,reviewed,nc,nc
2005-10-21T08:38:49.130Z,53.569,-167.284,1,2.7,ml,11,179.5,,,us,usp000e2dv,2019-02-13T03:35:30.481Z,"60 km SW of Unalaska, Alaska",earthquake,,,,,reviewed,aeic,aeic
2005-10-21T08:25:57.700Z,38.1,26.655,14,3.3,md,4,174.3,,,us,usp000e2du,2014-11-07T01:27:27.394Z,"19 km SW of Seferihisar, Turkey",earthquake,,,,,reviewed,isk,ath
2005-10-21T08:14:12.390Z,-9.419,107.6,35,4.8,mb,31,104.2,,0.89,us,usp000e2dt,2014-11-07T01:27:27.390Z,"235 km SSW of Kawalu, Indonesia",earthquake,,,,15,reviewed,us,us
2005-10-21T08:13:37.000Z,38.187,26.656,17.1,3.4,md,4,179,,,us,usp000e2ds,2014-11-07T01:27:27.389Z,"16 km W of Seferihisar, Turkey",earthquake,,,,,reviewed,isk,isk
2005-10-21T08:03:59.150Z,31.961,67.55,10,5,mwc,26,124.4,,0.88,us,usp000e2dr,2022-05-02T18:05:07.006Z,"62 km ESE of Qal?t, Afghanistan",earthquake,,0,,,reviewed,us,hrv
2005-10-21T07:59:56.646Z,59.7346,-152.9632,89.1,2.6,ml,,,,0.6,ak,ak005diciu1c,2019-02-13T03:35:29.984Z,"63 km W of Anchor Point, Alaska",earthquake,,1.8,,,reviewed,ak,ak
2005-10-21T07:30:23.110Z,-24.165,-67.612,198.8,3.3,mb,8,145.8,,1.08,us,usp000e2dp,2014-11-07T01:27:27.377Z,"131 km W of San Antonio de los Cobres, Argentina",earthquake,,20.4,,2,reviewed,us,us
2005-10-21T06:51:58.000Z,38.135,26.681,31.7,3.5,md,5,179.8,,,us,usp000e2dn,2014-11-07T01:27:27.376Z,"15 km WSW of Seferihisar, Turkey",earthquake,,,,,reviewed,isk,isk
2005-10-21T06:35:44.900Z,-31.985,-70.207,115,3.5,md,17,195.9,,,us,usp000e2dm,2014-11-07T01:27:27.374Z,"75 km ESE of Salamanca, Chile",earthquake,,,,,reviewed,guc,guc
2005-10-21T06:26:51.900Z,-32.471,-71.935,8.8,2.9,ml,12,297.3,,,us,usp000e2dk,2014-11-07T01:27:27.372Z,"66 km W of La Ligua, Chile",earthquake,,,,,reviewed,guc,guc
2005-10-21T06:09:49.200Z,-21.286,-70.779,14.3,3.9,ml,10,139.2,,,us,usp000e2dj,2014-11-07T01:27:27.370Z,"107 km NW of Tocopilla, Chile",earthquake,,,,,reviewed,guc,guc
2005-10-21T05:52:32.700Z,38.099,26.634,6.3,3.5,md,6,161,,,us,usp000e2dh,2014-11-07T01:27:27.369Z,"21 km WSW of Seferihisar, Turkey",earthquake,,,,,reviewed,isk,ath
2005-10-21T05:25:09.000Z,38.213,26.621,19,3.7,md,4,175.9,,,us,usp000e2dg,2014-11-07T01:27:27.368Z,"17 km SW of Urla, Turkey",earthquake,,,,,reviewed,isk,ath
2005-10-21T04:56:29.000Z,38.08,26.742,8.8,3.4,md,5,185.9,,,us,usp000e2df,2014-11-07T01:27:27.366Z,"15 km SSW of Seferihisar, Turkey",earthquake,,,,,reviewed,isk,isk
2005-10-21T04:39:47.000Z,27.443,140.123,300,3.9,mb,11,136.3,,0.77,us,usp000e2de,2014-11-07T01:27:27.365Z,"Bonin Islands, Japan region",earthquake,,,,1,reviewed,us,us
2005-10-21T04:32:19.040Z,-20.793,-178.058,511.6,4.6,mb,33,118.9,,0.73,us,usp000e2dd,2014-11-07T01:27:27.361Z,"298 km W of Haveluloto, Tonga",earthquake,,19.3,,13,reviewed,us,us
2005-10-21T04:30:54.030Z,1.988,96.654,30,4.6,mb,18,196.4,,0.58,us,usp000e2dc,2014-11-07T01:27:27.359Z,"62 km SSE of Sinabang, Indonesia",earthquake,,,,7,reviewed,us,us
2005-10-21T04:22:31.000Z,38.154,26.76,20.8,3.6,ml,5,189.3,,,us,usp000e2db,2014-11-07T01:27:27.358Z,"8 km SW of Seferihisar, Turkey",earthquake,,,,,reviewed,isk,isk
2005-10-21T04:10:12.140Z,-6.444,130.397,123.3,4.9,mwc,62,76.6,,0.96,us,usp000e2da,2016-11-10T01:13:22.758Z,"275 km WSW of Tual, Indonesia",earthquake,,13.4,,,reviewed,us,hrv
2005-10-21T03:58:14.400Z,-45.98,166.99,98,3.8,ml,8,282.8,,,us,usp000e2d9,2014-11-07T01:27:27.350Z,"84 km SW of Te Anau, New Zealand",earthquake,,,,,reviewed,wel,wel
2005-10-21T03:54:10.610Z,51.522,16.187,5,3.6,ml,30,98.8,,0.87,us,usp000e2d8,2014-11-07T01:27:27.345Z,"5 km WNW of Rudna, Poland",earthquake,,,,,reviewed,us,ldg
2005-10-21T03:44:20.960Z,-17.555,-178.8,513.7,4.5,mb,28,113.7,,0.87,us,usp000e2d7,2014-11-07T01:27:27.342Z,"207 km ENE of Levuka, Fiji",earthquake,,10.8,,11,reviewed,us,us
2005-10-21T03:16:09.300Z,38.42,26.69,38,3,md,4,188.4,,,us,usp000e2d6,2014-11-07T01:27:27.341Z,"12 km NNW of Urla, Turkey",earthquake,,,,,reviewed,ath,ath
2005-10-21T03:12:48.000Z,38.132,26.844,23.7,3.2,md,4,198.9,,,us,usp000e2d5,2014-11-07T01:27:27.340Z,"7 km S of Seferihisar, Turkey",earthquake,,,,,reviewed,isk,isk
2005-10-21T03:10:07.000Z,38.168,26.878,19.2,3.1,md,4,202.9,,,us,usp000e2d4,2014-11-07T01:27:27.339Z,"4 km SE of Seferihisar, Turkey",earthquake,,,,,reviewed,isk,ath
2005-10-21T03:06:04.502Z,60.0538,-153.3087,134,3.5,ml,,,,0.67,ak,ak005di9tmn6,2019-02-13T03:35:19.623Z,"53 km ENE of Pedro Bay, Alaska",earthquake,,2.4,,,reviewed,ak,ak
2005-10-21T02:56:33.000Z,38.14,26.6,27,3.6,ml,8,160.1,,,us,usp000e2d2,2014-11-07T01:27:27.330Z,"21 km WSW of Seferihisar, Turkey",earthquake,,,,,reviewed,ath,isk
2005-10-21T02:52:04.030Z,48.428,8.915,10,2.8,ml,40,44.8,,1.18,us,usp000e2d1,2014-11-07T01:27:27.325Z,"2 km NE of Hirrlingen, Germany",earthquake,,,,,reviewed,us,ldg
2005-10-21T02:42:38.810Z,-5.476,147.399,185.6,4.5,mb,22,85.2,,0.96,us,usp000e2d0,2014-11-07T01:27:27.322Z,"129 km NNW of Finschhafen, Papua New Guinea",earthquake,,15,,10,reviewed,us,us
2005-10-21T02:21:09.400Z,18.893,-67.365,25.4,3.2,md,6,310,,,us,usp000e2cz,2014-11-07T01:27:27.321Z,"52 km NNW of San Antonio, Puerto Rico",earthquake,,,,,reviewed,rspr,rspr
2005-10-21T02:16:32.140Z,3.76,95.54,30,4.3,mb,15,195.4,,0.91,us,usp000e2cy,2014-11-07T01:27:27.319Z,"77 km WSW of Meulaboh, Indonesia",earthquake,,,,7,reviewed,us,us
2005-10-21T02:16:14.050Z,64.518,-134.44,1,4,mwr,33,57.4,,,us,usp000e2cx,2019-02-13T03:35:18.806Z,"247 km E of Dawson City, Canada",earthquake,,,,,reviewed,pgc,pgc
2005-10-21T02:14:26.500Z,1.494,97.644,30,3.8,mb,7,218,,1.13,us,usp000e2cw,2014-11-07T01:27:27.313Z,"89 km S of Singkil, Indonesia",earthquake,,,,1,reviewed,us,us
2005-10-21T01:56:21.900Z,38.2,26.58,25,3.2,md,4,170.3,,,us,usp000e2cv,2014-11-07T01:27:27.312Z,"20 km ESE of Alaçat?, Turkey",earthquake,,,,,reviewed,ath,ath
2005-10-21T01:42:53.800Z,38.13,26.5,18,3.1,md,4,156.6,,,us,usp000e2cu,2014-11-07T01:27:27.311Z,"20 km SSE of Alaçat?, Turkey",earthquake,,,,,reviewed,ath,ath
2005-10-21T01:39:56.200Z,34.73,25.61,26,3.9,md,6,221.9,,,us,usp000e2ct,2014-11-07T01:27:27.310Z,"31 km S of Néa Anatolí, Greece",earthquake,,,,,reviewed,ath,ath
2005-10-21T01:39:45.800Z,38.16,26.45,18,3.2,md,6,153,,,us,usp000e2cs,2014-11-07T01:27:27.309Z,"15 km SSE of Alaçat?, Turkey",earthquake,,,,,reviewed,ath,ath
2005-10-21T01:38:03.080Z,36.8311667,-121.5595,6.024,2.96,md,76,39,0.01982,0.11,nc,nc21490728,2017-01-12T22:29:47.390Z,"2 km SW of San Juan Bautista, California",earthquake,0.15,0.27,0.11,106,reviewed,nc,nc
2005-10-21T01:32:01.000Z,38.185,26.697,17.4,3.9,ml,30,155.8,,,us,usp000e2cq,2014-11-07T01:27:27.304Z,"12 km W of Seferihisar, Turkey",earthquake,,,,,reviewed,isk,ath
2005-10-21T01:26:21.210Z,36.8296667,-121.5515,5.544,2.77,md,84,37,0.02072,0.16,nc,nc21490727,2017-01-12T22:29:30.940Z,"2 km SW of San Juan Bautista, California",earthquake,0.18,0.28,0.13,99,reviewed,nc,nc
2005-10-21T01:19:12.000Z,38.15,26.681,25,4,ml,34,104.6,,,us,usp000e2cp,2014-11-07T01:27:27.301Z,"14 km WSW of Seferihisar, Turkey",earthquake,,,,,reviewed,isk,ath
2005-10-21T01:17:38.910Z,45.53,26.477,117.2,4.8,md,32,58.9,,,us,usp000e2cn,2014-11-07T01:27:27.298Z,"7 km NE of Gura Teghii, Romania",earthquake,,,,,reviewed,buc,irsa
2005-10-21T01:12:45.000Z,38.138,26.865,21.8,3.4,md,4,205.6,,,us,usp000e2cm,2014-11-07T01:27:27.296Z,"6 km SSE of Seferihisar, Turkey",earthquake,,,,,reviewed,isk,isk
2005-10-21T01:08:44.000Z,37.965,26.986,17.9,3.3,md,4,228.2,,,us,usp000e2ck,2014-11-07T01:27:27.295Z,"13 km WSW of Özdere, Turkey",earthquake,,,,,reviewed,isk,isk
2005-10-21T01:07:15.100Z,-32.436,-71.921,36.3,3.1,md,4,316.7,,,us,usp000e2cj,2014-11-07T01:27:27.294Z,"64 km W of La Ligua, Chile",earthquake,,,,,reviewed,guc,guc
2005-10-21T01:04:00.130Z,52.258,-169.371,35.3,4.8,mwc,177,126,,0.82,us,usp000e2ch,2019-02-13T03:35:18.335Z,"83 km SSW of Nikolski, Alaska",earthquake,,2.7,,,reviewed,us,hrv
2005-10-21T01:00:01.600Z,-32.474,-71.958,15,2.9,ml,10,230.4,,,us,usp000e2cg,2014-11-07T01:27:27.277Z,"68 km W of La Ligua, Chile",earthquake,,,,,reviewed,guc,guc
2005-10-21T00:48:08.000Z,38.072,26.773,9.9,3.5,ml,4,188.9,,,us,usp000e2cf,2014-11-07T01:27:27.276Z,"15 km SSW of Seferihisar, Turkey",earthquake,,,,,reviewed,isk,isk
2005-10-21T00:34:13.000Z,38.08,26.571,8.2,3.9,ml,33,84.3,,,us,usp000e2ce,2014-11-07T01:27:27.273Z,"26 km WSW of Seferihisar, Turkey",earthquake,,,,,reviewed,isk,ath
2005-10-21T00:25:58.600Z,38.09,27.23,42,3.1,md,4,252.1,,,us,usp000e2cd,2014-11-07T01:27:27.271Z,"12 km NE of Özdere, Turkey",earthquake,,,,,reviewed,ath,ath
2005-10-21T00:24:13.930Z,-16.803,-70.534,20,4,mb,9,124.7,,1.23,us,usp000e2cc,2014-11-07T01:27:27.270Z,"17 km E of Carumas, Peru",earthquake,,0,,2,reviewed,us,us
2005-10-21T00:24:09.000Z,38.147,26.776,20.2,3.4,md,6,190.4,,,us,usp000e2cb,2014-11-07T01:27:27.269Z,"7 km SW of Seferihisar, Turkey",earthquake,,,,,reviewed,isk,isk
2005-10-21T00:17:29.000Z,38.113,26.638,5,3.7,ml,31,136.1,,,us,usp000e2ca,2014-11-07T01:27:27.265Z,"19 km WSW of Seferihisar, Turkey",earthquake,,,,,reviewed,isk,isk
2005-10-21T00:11:15.510Z,43.173,146.737,59.3,4.8,mwc,182,114,,0.6,us,usp000e2c9,2016-11-10T01:13:19.785Z,"69 km S of Shikotan, Russia",earthquake,,,,,reviewed,us,hrv
2005-10-21T00:07:27.640Z,-17.355,-178.727,650,3.8,mb,7,182.7,,0.15,us,usp000e2c8,2014-11-07T01:27:27.248Z,"221 km ENE of Levuka, Fiji",earthquake,,,,2,reviewed,us,us
2005-10-21T00:03:00.000Z,38.098,26.754,11.7,3.4,ml,14,160.2,,,us,usp000e2c7,2014-11-07T01:27:27.246Z,"13 km SW of Seferihisar, Turkey",earthquake,,,,,reviewed,isk,isk
2005-10-20T23:40:07.300Z,38.23,26.93,27,3.2,md,4,214.8,,,us,usp000e2c6,2014-11-07T01:27:27.245Z,"8 km ENE of Seferihisar, Turkey",earthquake,,,,,reviewed,ath,ath
2005-10-20T23:37:56.910Z,18.913,95.761,10,4.7,mb,55,96.3,,1.21,us,usp000e2c5,2014-11-07T01:27:27.239Z,"53 km NNE of Paungde, Myanmar",earthquake,,,,26,reviewed,us,us
2005-10-20T23:32:23.190Z,31.693,50.485,43.6,5,mwc,300,50.6,,0.91,us,usp000e2c4,2022-05-02T18:05:05.804Z,"62 km S of F?rs?n, Iran",earthquake,,3.4,,,reviewed,us,hrv
2005-10-20T23:22:31.400Z,38.09,26.79,42,3,md,4,191.6,,,us,usp000e2c3,2014-11-07T01:27:27.213Z,"12 km SSW of Seferihisar, Turkey",earthquake,,,,,reviewed,ath,ath
2005-10-20T23:16:49.000Z,38.155,26.624,18.5,4,ml,24,156.8,,,us,usp000e2c2,2014-11-07T01:27:27.210Z,"19 km WSW of Seferihisar, Turkey",earthquake,,,,,reviewed,isk,ath
2005-10-20T23:15:57.490Z,-9.36,117.361,25,5.3,mwc,173,40,,0.93,us,usp000e2c1,2022-05-02T18:05:03.467Z,"96 km S of Sumbawa Besar, Indonesia",earthquake,,0,,,reviewed,us,hrv
2005-10-20T23:08:16.700Z,38.14,26.61,30,3.1,md,4,170.7,,,us,usp000e2c0,2014-11-07T01:27:27.185Z,"21 km WSW of Seferihisar, Turkey",earthquake,,,,,reviewed,ath,ath
2005-10-20T23:04:07.000Z,38.117,26.801,7.5,3.5,ml,7,167.9,,,us,usp000e2bz,2014-11-07T01:27:27.184Z,"9 km SSW of Seferihisar, Turkey",earthquake,,,,,reviewed,isk,isk
2005-10-20T22:52:50.000Z,38.209,26.722,17.1,3.5,ml,7,167.1,,,us,usp000e2by,2014-11-07T01:27:27.182Z,"10 km W of Seferihisar, Turkey",earthquake,,,,,reviewed,isk,isk
2005-10-20T22:46:43.000Z,38.196,26.807,7,3.8,ml,12,141.1,,,us,usp000e2bx,2014-11-07T01:27:27.181Z,"2 km W of Seferihisar, Turkey",earthquake,,,,,reviewed,isk,ath
2005-10-20T22:33:59.000Z,38.095,26.751,7.9,3.7,ml,10,138.6,,,us,usp000e2bw,2014-11-07T01:27:27.179Z,"13 km SW of Seferihisar, Turkey",earthquake,,,,,reviewed,isk,ath
2005-10-20T22:27:18.000Z,38.104,26.547,8.2,4,ml,14,74.2,,,us,usp000e2bv,2014-11-07T01:27:27.177Z,"24 km SE of Alaçat?, Turkey",earthquake,,,,,reviewed,isk,ath
2005-10-20T22:15:53.000Z,38.18,26.568,5,4,ml,21,159.3,,,us,usp000e2bu,2014-11-07T01:27:27.174Z,"20 km SE of Alaçat?, Turkey",earthquake,,,,,reviewed,isk,ath
2005-10-20T22:13:18.100Z,38.2,26.81,30,3.9,ml,7,173.4,,,us,usp000e2bt,2014-11-07T01:27:27.173Z,"2 km W of Seferihisar, Turkey",earthquake,,,,,reviewed,ath,ath
2005-10-20T22:02:07.290Z,38.281,26.723,28.3,3.8,ml,25,86.8,,,us,usp000e2bs,2014-11-07T01:27:27.170Z,"5 km SW of Urla, Turkey",earthquake,,,,,reviewed,the,the
2005-10-20T21:44:01.000Z,38.19,26.65,19,4.4,ml,4,178.4,,,us,usp000e2br,2014-11-07T01:27:27.168Z,"16 km W of Seferihisar, Turkey",earthquake,,,,,reviewed,ath,isk
2005-10-20T21:40:04.090Z,38.152,26.751,10,5.9,mwb,494,19,,0.93,us,usp000e2bq,2022-07-14T13:53:52.706Z,"9 km WSW of Seferihisar, Turkey",earthquake,,,,,reviewed,us,us
2005-10-20T21:16:28.750Z,44.677,-80.482,11,4.2,mblg,118,18.4,,,us,usp000e2bp,2022-07-12T22:05:04.903Z,"12 km NE of Meaford, Canada",earthquake,,,,,reviewed,ott,ott
2005-10-20T21:12:25.040Z,36.892,71.845,141.6,3.9,mb,10,164.5,,1.46,us,usp000e2bn,2014-11-07T01:27:27.111Z,"27 km NE of Ishqoshim, Tajikistan",earthquake,,31.2,,2,reviewed,us,us
2005-10-20T21:05:18.080Z,49.98,88.084,10,4,mb,17,100.7,,1.19,us,usp000e2bm,2014-11-07T01:27:27.106Z,"42 km W of Kosh-Agach, Russia",earthquake,,,,4,reviewed,us,us
2005-10-20T20:25:01.790Z,34.686,72.901,10,3.4,mb,10,200,,0.79,us,usp000e2bk,2014-11-07T01:27:27.104Z,"7 km W of Shingli Bala, Pakistan",earthquake,,,,2,reviewed,us,us
2005-10-20T20:24:21.718Z,61.6775,-150.6033,3.5,3.3,ml,,,,1.03,ak,ak005dgwijnf,2019-02-13T03:35:13.102Z,"15 km NNW of Susitna, Alaska",earthquake,,1,,,reviewed,ak,ak
2005-10-20T19:31:13.000Z,14.149,-91.134,73.4,4.6,mb,48,134.2,,1.54,us,usp000e2bg,2014-11-07T01:27:27.094Z,"11 km NW of La Gomera, Guatemala",earthquake,,10.5,,22,reviewed,us,us
2005-10-20T19:30:22.410Z,-13.501,-70.212,47.4,4.8,mb,37,68.9,,1.02,us,usp000e2bf,2014-11-07T01:27:27.090Z,"47 km SSE of Mazuko, Peru",earthquake,,7.7,,17,reviewed,us,us
2005-10-20T19:08:25.240Z,52.211,-169.262,25.8,4.6,mb,86,129.4,,0.77,us,usp000e2be,2019-02-13T03:35:12.734Z,"85 km SSW of Nikolski, Alaska",earthquake,,6,,32,reviewed,us,us
2005-10-20T18:58:15.530Z,-55.967,-27.68,108.4,4.9,mwc,54,44.6,,0.8,us,usp000e2bd,2016-11-10T01:13:17.395Z,"South Sandwich Islands region",earthquake,,,,,reviewed,us,hrv
2005-10-20T18:44:39.500Z,37.61,20.95,15,3.5,md,5,214.7,,,us,usp000e2bc,2014-11-07T01:27:27.065Z,"16 km SE of Lithakiá, Greece",earthquake,,,,,reviewed,ath,ath
2005-10-20T18:44:32.100Z,38.86,26.27,20,2.9,md,4,158.4,,,us,usp000e2bb,2014-11-07T01:27:27.064Z,"15 km SW of Plomári, Greece",earthquake,,,,,reviewed,ath,ath
2005-10-20T18:30:37.070Z,30.854,138.533,410.3,4,mb,12,169.6,,0.97,us,usp000e2ba,2014-11-07T01:27:27.062Z,"Izu Islands, Japan region",earthquake,,12.7,,4,reviewed,us,us
2005-10-20T17:28:14.510Z,50.421,18.761,5,2.5,m,7,198.1,,1.31,us,usp000e2b9,2014-11-07T01:27:27.060Z,"0 km NE of Zbros?awice, Poland",earthquake,,,,,reviewed,us,war
2005-10-20T17:22:12.000Z,38.213,26.654,13,3.8,ml,8,165.1,,,us,usp000e2b8,2014-11-07T01:27:27.058Z,"15 km SW of Urla, Turkey",earthquake,,,,,reviewed,isk,ath
2005-10-20T17:19:58.800Z,38.1,26.45,22,3.2,md,5,148.7,,,us,usp000e2b7,2014-11-07T01:27:27.057Z,"21 km SSE of Alaçat?, Turkey",earthquake,,,,,reviewed,ath,ath
2005-10-20T17:06:34.040Z,-49.19,31.03,10,4.8,mb,37,114,,0.93,us,usp000e2b6,2014-11-07T01:27:27.053Z,"south of Africa",earthquake,,,,17,reviewed,us,us
2005-10-20T17:05:14.720Z,35.6578333,-121.0838333,3.849,3.03,md,69,100,0.05766,0.07,nc,nc21490570,2017-01-12T22:26:03.660Z,"9 km E of San Simeon, California",earthquake,0.1,0.25,0.09,101,reviewed,nc,nc
2005-10-20T16:26:50.760Z,41.0275,-123.3125,34.635,3.57,ml,53,47,0.3532,0.21,nc,nc21490563,2017-03-17T18:49:54.320Z,"24 km NE of Trinity Village, California",earthquake,0.37,0.7,,15,reviewed,nc,nc
2005-10-20T15:55:14.000Z,38.122,26.706,4.8,3.5,md,5,182.1,,,us,usp000e2b3,2014-11-07T01:27:27.048Z,"14 km SW of Seferihisar, Turkey",earthquake,,,,,reviewed,isk,ath
2005-10-20T15:52:17.230Z,11.515,142.944,35,4.5,mb,17,121.9,,0.67,us,usp000e2b2,2014-11-07T01:27:27.046Z,"269 km SW of Merizo Village, Guam",earthquake,,,,7,reviewed,us,us
2005-10-20T15:51:15.200Z,29.3,52.19,10,4.3,mb,50,87.8,,,us,usp000e2b1,2014-11-07T01:27:27.042Z,"47 km SW of Shiraz, Iran",earthquake,,,,15,reviewed,teh,us
2005-10-20T15:40:29.070Z,36.971,71.457,101.9,4.7,mb,68,40.3,,1.03,us,usp000e2b0,2014-11-07T01:27:27.035Z,"30 km NNW of Ishqoshim, Tajikistan",earthquake,,,,39,reviewed,us,us
2005-10-20T15:27:46.520Z,47.402,-128.978,10,4.5,ml,48,213.7,,,us,usp000e2az,2014-11-07T01:27:27.031Z,"299 km SW of Tofino, Canada",earthquake,,,,,reviewed,pgc,pgc
2005-10-20T15:26:31.960Z,52.206,-169.04,35.4,5.6,mwc,363,52.8,,0.9,us,usp000e2ay,2022-05-02T18:04:52.066Z,"82 km S of Nikolski, Alaska",earthquake,,,,,reviewed,us,hrv
2005-10-20T14:28:02.410Z,50.237,18.768,5,2.7,m,10,159.2,,1.35,us,usp000e2ax,2014-11-07T01:27:26.977Z,"1 km NW of Paniówki, Poland",earthquake,,,,,reviewed,us,war
2005-10-20T14:20:32.800Z,-36.52,-179.98,80,4.2,ml,9,342,,,us,usp000e2aw,2014-11-07T01:27:26.975Z,"293 km NE of Opotiki, New Zealand",earthquake,,,,,reviewed,wel,wel
2005-10-20T14:10:04.190Z,-17.656,-178.95,595.8,4.2,mb,20,132.4,,0.84,us,usp000e2av,2014-11-07T01:27:26.973Z,"189 km ENE of Levuka, Fiji",earthquake,,45.6,,6,reviewed,us,us
2005-10-20T13:46:19.070Z,-17.008,168.318,46.7,4.4,mb,22,131.2,,1.04,us,usp000e2au,2014-11-07T01:27:26.970Z,"80 km N of Port-Vila, Vanuatu",earthquake,,17.5,,5,reviewed,us,us
2005-10-20T13:04:57.000Z,38.089,26.596,5,3.4,md,4,165.6,,,us,usp000e2at,2014-11-07T01:27:26.969Z,"24 km WSW of Seferihisar, Turkey",earthquake,,,,,reviewed,isk,ath
2005-10-20T12:51:37.250Z,52.442,-169.149,34.3,3.2,ml,4,218.6,,,us,usp000e2as,2019-02-13T03:35:16.505Z,"Fox Islands, Aleutian Islands, Alaska",earthquake,,,,,reviewed,aeic,aeic
2005-10-20T12:51:08.970Z,41.79,82.627,13.4,4.9,mb,99,49.9,,0.95,us,usp000e2ar,2022-05-02T18:04:50.924Z,"26 km WNW of Kuqa, China",earthquake,,,,58,reviewed,us,us
2005-10-20T12:33:04.170Z,53.209,-168.002,100.4,2.8,m,6,281.9,,,us,usp000e2aq,2019-02-13T03:35:11.677Z,"64 km ENE of Nikolski, Alaska",earthquake,,,,,reviewed,aeic,aeic
2005-10-20T12:28:54.560Z,39.522,23.929,8,2.9,md,11,121.4,,,us,usp000e2ap,2014-11-07T01:27:26.953Z,"Aegean Sea",earthquake,,,,,reviewed,the,ath
2005-10-20T12:15:28.700Z,38.2,26.45,5,3,md,5,155.5,,,us,usp000e2an,2014-11-07T01:27:26.952Z,"11 km SE of Alaçat?, Turkey",earthquake,,,,,reviewed,ath,ath
2005-10-20T10:58:26.000Z,38.15,26.629,12.1,3.4,ml,9,168.6,,,us,usp000e2am,2014-11-07T01:27:26.950Z,"19 km WSW of Seferihisar, Turkey",earthquake,,,,,reviewed,isk,the
2005-10-20T10:51:58.180Z,34.041,73.29,10,3.9,mb,15,162.9,,0.94,us,usp000e2ak,2014-11-07T01:27:26.948Z,"12 km E of Havelian, Pakistan",earthquake,,,,2,reviewed,us,us
2005-10-20T10:02:22.830Z,-20.85,-70.451,50.4,4.8,mb,55,95.7,,1.3,us,usp000e2aj,2014-11-07T01:27:26.941Z,"Near the coast of Tarapaca, Chile",earthquake,,,,23,reviewed,us,us
2005-10-20T09:58:11.420Z,42.474,-7.128,11.3,2.8,mblg,16,67.1,,,us,usp000e2ah,2014-11-07T01:27:26.938Z,"Spain",earthquake,,,,,reviewed,mdd,mdd
2005-10-20T09:10:52.000Z,38.107,26.766,12.2,3.7,md,6,188.9,,,us,usp000e2ag,2014-11-07T01:27:26.936Z,"11 km SSW of Seferihisar, Turkey",earthquake,,,,,reviewed,isk,ath
2005-10-20T08:43:10.360Z,29.245,51.979,14.8,3.8,ml,20,69.4,,0.99,us,usp000e2af,2014-11-07T01:27:26.934Z,"52 km SE of K?zer?n, Iran",earthquake,,11.3,,,reviewed,us,thr
2005-10-20T08:37:32.200Z,-31.687,-72.252,14.2,3.4,ml,11,236.9,,,us,usp000e2ae,2014-11-07T01:27:26.932Z,"102 km W of Illapel, Chile",earthquake,,,,,reviewed,guc,guc
2005-10-20T08:30:51.250Z,32.462,-118.1825,9.778,3.35,ml,6,249,0.6009,0.2,ci,ci10149053,2016-03-07T21:49:03.830Z,"43km SSE of San Clemente Is. (SE tip), CA",earthquake,1.54,31.61,0.119,220,reviewed,ci,ci
2005-10-20T08:29:37.900Z,-32.361,-71.35,32.7,2.6,ml,8,172,,,us,usp000e2ac,2014-11-07T01:27:26.929Z,"15 km NW of La Ligua, Chile",earthquake,,,,,reviewed,guc,guc
2005-10-20T08:15:36.580Z,36.97,-104.849,5,3,ml,8,106.7,,0.94,us,usp000e2ab,2014-11-07T01:27:26.927Z,"18 km S of Weston, Colorado",earthquake,,,,,reviewed,us,us
2005-10-20T07:49:27.100Z,38.12,26.56,26,3.2,md,5,163.1,,,us,usp000e2aa,2014-11-07T01:27:26.925Z,"24 km SE of Alaçat?, Turkey",earthquake,,,,,reviewed,ath,ath
2005-10-20T07:34:22.490Z,51.419,-178.866,21.9,2.6,ml,4,356.5,,,us,usp000e2a9,2019-02-13T03:35:14.894Z,"162 km WSW of Adak, Alaska",earthquake,,,,,reviewed,aeic,aeic
2005-10-20T07:02:17.020Z,-33.485,-178.817,91.9,4.5,mb,17,165.8,,1.2,us,usp000e2a8,2014-11-07T01:27:26.922Z,"south of the Kermadec Islands",earthquake,,9.6,,4,reviewed,us,us
2005-10-20T06:52:35.670Z,35.315,31.719,15,3.2,ml,5,332.4,,,us,usp000e2a7,2014-11-07T01:27:26.920Z,"71 km WNW of Pólis, Cyprus",earthquake,,,,,reviewed,nic,nic
2005-10-20T06:35:17.820Z,-6.793,130.292,36,4.7,mb,50,58.1,,0.93,us,usp000e2a6,2014-11-07T01:27:26.914Z,"Banda Sea",earthquake,,10,,24,reviewed,us,us
2005-10-20T05:49:03.810Z,6.774,-72.91,165.2,4.5,mb,76,46.2,,0.91,us,usp000e2a5,2014-11-07T01:27:26.890Z,"7 km ENE of Cepitá, Colombia",earthquake,,,,40,reviewed,us,us
2005-10-20T05:45:47.000Z,38.103,26.694,5.4,3.5,md,4,179.9,,,us,usp000e2a4,2014-11-07T01:27:26.889Z,"16 km SW of Seferihisar, Turkey",earthquake,,,,,reviewed,isk,ath
2005-10-20T04:37:34.346Z,60.766,-150.5738,37.4,2.5,ml,,,,0.48,ak,ak005dgn2f96,2019-02-13T03:35:09.059Z,"18 km SSE of Point Possession, Alaska",earthquake,,1.3,,,reviewed,ak,ak
2005-10-20T04:30:17.500Z,39.69,25.57,18,2.7,md,8,119.9,,,us,usp000e2a3,2014-11-07T01:27:26.887Z,"46 km WSW of Bozcaada, Turkey",earthquake,,,,,reviewed,ath,ath
2005-10-20T04:01:04.000Z,-30.165,117.143,5,2.9,ml,7,139.3,,,us,usp000e2a2,2014-11-07T01:27:26.886Z,"121 km ENE of Moora, Australia",earthquake,,,,,reviewed,aust,aust
2005-10-20T03:06:10.900Z,-32.756,-70.943,71.1,2.6,md,13,219.9,,,us,usp000e2a1,2014-11-07T01:27:26.883Z,"9 km N of Llaillay, Chile",earthquake,,,,,reviewed,guc,guc
2005-10-20T03:00:49.595Z,64.8904,-149.2563,14.1,2.5,ml,,,,0.58,ak,ak005dgm93bz,2019-02-13T03:35:08.269Z,"29 km S of Minto, Alaska",earthquake,,3.3,,,reviewed,ak,ak
2005-10-20T02:49:24.150Z,5.957,-82.679,10,4.1,mb,10,184.4,,1.29,us,usp000e2a0,2014-11-07T01:27:26.881Z,"230 km S of Punta de Burica, Panama",earthquake,,,,5,reviewed,us,us
2005-10-20T02:43:22.300Z,-31.968,-71.38,25,2.5,ml,5,214.7,,,us,usp000e29z,2014-11-07T01:27:26.880Z,"42 km SSW of Illapel, Chile",earthquake,,,,,reviewed,guc,guc
2005-10-20T02:34:43.820Z,-34.692,-112.421,10,4.8,mb,8,145.9,,1.36,us,usp000e29y,2014-11-07T01:27:26.879Z,"southern East Pacific Rise",earthquake,,,,2,reviewed,us,us
2005-10-20T02:29:54.300Z,37.72,21.2,36,3.4,md,9,180.8,,,us,usp000e29x,2014-11-07T01:27:26.877Z,"southern Greece",earthquake,,,,,reviewed,ath,ath
2005-10-20T02:18:39.890Z,34.706,33.271,15,2.8,ml,5,268.2,,,us,usp000e29w,2014-11-07T01:27:26.876Z,"Cyprus region",earthquake,,,,,reviewed,nic,nic
2005-10-20T01:45:42.520Z,53.778,-164.142,17.9,2.5,ml,13,220.5,,,us,usp000e29v,2019-02-13T03:35:07.956Z,"114 km ESE of Akutan, Alaska",earthquake,,,,,reviewed,aeic,aeic
2005-10-20T01:14:39.280Z,39.208,24.037,7.4,2.7,ml,9,214.8,,,us,usp000e29u,2014-11-07T01:27:26.873Z,"Aegean Sea",earthquake,,,,,reviewed,the,the
2005-10-20T01:08:48.340Z,34.783,72.965,10,3.9,mb,11,201,,0.66,us,usp000e29t,2014-11-07T01:27:26.871Z,"Pakistan",earthquake,,,,3,reviewed,us,us
2005-10-20T01:08:20.000Z,38.169,26.609,6.6,3.6,md,16,156.6,,,us,usp000e29s,2014-11-07T01:27:26.869Z,"20 km W of Seferihisar, Turkey",earthquake,,,,,reviewed,isk,ath
2005-10-20T01:00:25.000Z,34.739,73.001,10,3.4,mb,12,199.9,,0.93,us,usp000e29r,2014-11-07T01:27:26.867Z,"6 km NNE of Shingli Bala, Pakistan",earthquake,,,,1,reviewed,us,us
2005-10-20T00:47:47.100Z,1.048,97.115,30,4.5,mb,11,197,,0.98,us,usp000e29q,2014-11-07T01:27:26.866Z,"156 km SSW of Singkil, Indonesia",earthquake,,,,4,reviewed,us,us
2005-10-20T00:46:05.600Z,37.77,21.03,21,3.7,ml,47,139.6,,,us,usp000e29p,2014-11-07T01:27:26.861Z,"11 km SW of Arkoúdi, Greece",earthquake,,,,,reviewed,ath,the
2005-10-20T00:29:49.000Z,53.974,-164.373,48.1,4.6,mb,71,153.8,,0.82,us,usp000e29n,2019-02-13T03:35:07.156Z,"94 km ESE of Akutan, AK",earthquake,,3,,19,reviewed,us,us
2005-10-20T00:17:36.200Z,38.83,21.6,11,3.5,md,7,114.3,,,us,usp000e29m,2014-11-07T01:27:26.852Z,"19 km WSW of Karpenísi, Greece",earthquake,,,,,reviewed,ath,ath
2005-10-19T23:30:25.080Z,13.698,-91.141,50.9,4.4,mb,61,137.3,,1.22,us,usp000e29k,2014-11-07T01:27:26.847Z,"42 km SW of Puerto San José, Guatemala",earthquake,,8.2,,24,reviewed,us,us
2005-10-19T23:24:47.600Z,-37.44,176.88,245,4.4,m,36,173.4,,,us,usp000e29j,2014-11-07T01:27:26.844Z,"52 km NE of Maketu, New Zealand",earthquake,,,,,reviewed,wel,wel
2005-10-19T23:19:53.200Z,39.04,21.75,15,3.8,ml,45,64.3,,,us,usp000e29h,2014-11-07T01:27:26.839Z,"Greece",earthquake,,,,,reviewed,ath,ath
2005-10-19T23:17:22.927Z,63.5363,-147.8979,2.9,2.9,ml,,,,0.48,ak,ak005dfaq01w,2019-02-13T03:35:01.119Z,"54 km ENE of Cantwell, Alaska",earthquake,,4.9,,,reviewed,ak,ak
2005-10-19T22:53:37.200Z,-31.701,-72.074,33.7,2.7,ml,5,250.9,,,us,usp000e29f,2014-11-07T01:27:26.834Z,"86 km W of Illapel, Chile",earthquake,,,,,reviewed,guc,guc
2005-10-19T22:45:27.890Z,34.578,72.916,10,4.2,mb,9,200.1,,0.31,us,usp000e29e,2014-11-07T01:27:26.833Z,"12 km SSW of Shingli Bala, Pakistan",earthquake,,,,1,reviewed,us,us
2005-10-19T22:38:57.000Z,37.846,27.159,11.4,4.2,ml,38,51.5,,,us,usp000e29d,2014-11-07T01:27:26.829Z,"8 km W of Ku?adas?, Turkey",earthquake,,,,,reviewed,isk,isk
2005-10-19T22:35:00.400Z,16.126,-97.681,33.6,3.8,md,5,245.9,,,us,usp000e29c,2014-11-07T01:27:26.828Z,"3 km NNE of San José del Progreso, Mexico",earthquake,,,,,reviewed,unm,unm
2005-10-19T22:05:59.830Z,46.1965,-122.1925,-1.469,2.5,md,16,104,,0.13,uw,uw10684158,2016-07-22T21:59:28.040Z,"37 km NNE of Amboy, Washington",earthquake,0.398,0.46,0.08,7,reviewed,uw,uw
2005-10-19T21:31:24.300Z,35.66,27.35,22,3.7,md,20,184.9,,,us,usp000e29b,2014-11-07T01:27:26.826Z,"21 km NE of Karpathos, Greece",earthquake,,,,,reviewed,ath,ath
2005-10-19T21:26:10.980Z,10.79,-62.376,24,3,md,6,269.9,,,us,usp000e29a,2014-11-07T01:27:26.824Z,"25 km NNW of Güiria, Venezuela",earthquake,,,,,reviewed,trn,trn
2005-10-19T21:08:07.200Z,-4.611,72.134,10,5,mwc,53,63.5,,1.09,us,usp000e299,2025-12-19T23:23:23.057Z,"Chagos Archipelago region",earthquake,,,,,reviewed,us,hrv
2005-10-19T20:53:44.800Z,11.37,-69.61,13.6,4.3,mb,28,57.8,,,us,usp000e298,2014-11-07T01:27:26.816Z,"7 km ESE of Coro, Venezuela",earthquake,,,,3,reviewed,car,us
2005-10-19T20:28:39.150Z,34.466,73.158,10,3.6,mb,12,201.1,,1.09,us,usp000e297,2014-11-07T01:27:26.814Z,"6 km WNW of Baffa, Pakistan",earthquake,,,,2,reviewed,us,us
2005-10-19T20:24:57.000Z,-9.203,-109.523,10,4.7,mb,11,164.6,,1.26,us,usp000e296,2014-11-07T01:27:26.812Z,"central East Pacific Rise",earthquake,,,,3,reviewed,us,us
2005-10-19T20:19:24.130Z,-9.185,-109.55,10,5.4,mwc,82,108.7,,1.27,us,usp000e295,2025-12-19T23:23:22.385Z,"central East Pacific Rise",earthquake,,,,,reviewed,us,hrv
2005-10-19T20:18:38.520Z,12.874,-89.031,70.7,4.5,mb,13,184.4,,1.28,us,usp000e294,2014-11-07T01:27:26.802Z,"68 km SW of Jiquilisco, El Salvador",earthquake,,27,,5,reviewed,us,us
2005-10-19T19:54:45.190Z,15.227,146.026,101,4.3,mb,12,151.8,,1.07,us,usp000e293,2014-11-07T01:27:26.800Z,"Saipan region, Northern Mariana Islands",earthquake,,19.7,,2,reviewed,us,us
2005-10-19T19:17:36.590Z,39.67,25.649,7.7,3.5,md,11,243.2,,,us,usp000e292,2014-11-07T01:27:26.799Z,"40 km WSW of Bozcaada, Turkey",earthquake,,,,,reviewed,the,ath
2005-10-19T19:02:30.000Z,38.143,26.741,5.4,3.8,md,4,186.9,,,us,usp000e291,2014-11-07T01:27:26.797Z,"10 km SW of Seferihisar, Turkey",earthquake,,,,,reviewed,isk,ath
2005-10-19T18:58:41.730Z,39.028,21.663,5.2,3.5,ml,26,70.9,,,us,usp000e290,2014-11-07T01:27:26.794Z,"3 km NE of Kerasochóri, Greece",earthquake,,,,,reviewed,the,ath
2005-10-19T18:47:55.430Z,1.097,97.211,30,4.6,mb,26,196.9,,0.78,us,usp000e28z,2014-11-07T01:27:26.791Z,"146 km SSW of Singkil, Indonesia",earthquake,,,,13,reviewed,us,us
2005-10-19T17:57:32.540Z,-16.783,-173.29,15,4.8,mb,45,62.8,,0.97,us,usp000e28y,2014-11-07T01:27:26.785Z,"106 km SSE of Hihifo, Tonga",earthquake,,0,,8,reviewed,us,us
2005-10-19T17:40:42.720Z,19.091,-66.86,24.7,3.2,md,9,287.5,,,us,usp000e28x,2014-11-07T01:27:26.783Z,"67 km N of Hatillo, Puerto Rico",earthquake,,,,,reviewed,rspr,rspr
2005-10-19T17:35:41.300Z,37.63,20.9,16,3.4,md,7,217.3,,,us,usp000e28w,2014-11-07T01:27:26.782Z,"11 km SSE of Lithakiá, Greece",earthquake,,,,,reviewed,ath,ath
2005-10-19T17:11:19.710Z,34.808,33.182,5,3.5,ml,7,184.1,,,us,usp000e28v,2014-11-07T01:27:26.780Z,"Cyprus region",earthquake,,,,,reviewed,nic,nic
2005-10-19T16:59:55.500Z,17.179,-100.187,38.6,3.7,md,4,177.8,,,us,usp000e28u,2014-11-07T01:27:26.779Z,"8 km WSW of Tepetixtla, Mexico",earthquake,,,,,reviewed,unm,unm
2005-10-19T16:58:25.919Z,59.6431,-153.0957,102.9,2.6,ml,,,,0.33,ak,ak005df6sren,2019-02-13T03:34:59.947Z,"59 km ESE of Pedro Bay, Alaska",earthquake,,12.9,,,reviewed,ak,ak
2005-10-19T16:57:31.600Z,38.14,26.57,24,3.8,ml,10,158.5,,,us,usp000e28s,2014-11-07T01:27:26.773Z,"23 km SE of Alaçat?, Turkey",earthquake,,,,,reviewed,ath,ath
2005-10-19T16:47:25.800Z,38.963,21.608,4,4,ml,54,49,,,us,usp000e28r,2014-11-07T01:27:26.767Z,"5 km SSW of Kerasochóri, Greece",earthquake,,,,,reviewed,the,the
2005-10-19T16:45:54.100Z,-37.36,177.51,122,3.8,m,6,264.1,,,us,usp000e28q,2014-11-07T01:27:26.766Z,"74 km NNE of Opotiki, New Zealand",earthquake,,,,,reviewed,wel,wel
2005-10-19T16:25:22.000Z,38.165,26.694,6.4,3.4,md,4,183,,,us,usp000e28p,2014-11-07T01:27:26.764Z,"13 km WSW of Seferihisar, Turkey",earthquake,,,,,reviewed,isk,ath
2005-10-19T15:51:53.730Z,34.705,73.227,10,4.7,mb,39,58.8,,1.39,us,usp000e28n,2014-11-07T01:27:26.760Z,"18 km E of Battagram, Pakistan",earthquake,,,,14,reviewed,us,us
2005-10-19T15:24:44.000Z,38.125,26.56,4.8,4,ml,13,105.2,,,us,usp000e28m,2014-11-07T01:27:26.758Z,"23 km SE of Alaçat?, Turkey",earthquake,,,,,reviewed,isk,isk
2005-10-19T15:15:47.030Z,34.679,73.152,10,3.7,mb,20,199.2,,0.92,us,usp000e28k,2014-11-07T01:27:26.756Z,"11 km E of Battagram, Pakistan",earthquake,,,,2,reviewed,us,us
2005-10-19T15:01:52.460Z,15.031,-60.469,34,3.9,md,22,224.4,,,us,usp000e28j,2014-11-07T01:27:26.753Z,"Leeward Islands",earthquake,,,,,reviewed,trn,trn
2005-10-19T14:49:40.090Z,-5.83,103.06,45.8,5.1,mwc,43,114.7,,1.05,us,usp000e28h,2025-12-19T23:25:03.019Z,"200 km S of Pagar Alam, Indonesia",earthquake,,26.5,,,reviewed,us,hrv
2005-10-19T14:13:16.940Z,-17.966,-174.942,10,4.8,mb,23,118.9,,0.61,us,usp000e28g,2014-11-07T01:27:26.746Z,"126 km NW of Neiafu, Tonga",earthquake,,,,4,reviewed,us,us
2005-10-19T14:10:08.850Z,-17.404,-175.077,20,5.3,mwc,25,202.1,,0.56,us,usp000e28f,2025-12-19T23:25:49.940Z,"180 km NW of Neiafu, Tonga",earthquake,,0,,,reviewed,us,hrv
2005-10-19T13:33:55.000Z,38.167,26.726,4.4,3.8,ml,17,156.8,,,us,usp000e28e,2014-11-07T01:27:26.741Z,"10 km WSW of Seferihisar, Turkey",earthquake,,,,,reviewed,isk,ath
2005-10-19T13:01:57.860Z,18.01,-65.543,13.9,2.5,md,8,197.3,,,us,usp000e28d,2014-11-07T01:27:26.739Z,"12 km SW of Esperanza, Puerto Rico",earthquake,,,,,reviewed,rspr,rspr
2005-10-19T12:57:04.040Z,-20.86,-178.802,548.8,4.4,mb,40,45.2,,1.02,us,usp000e28c,2014-11-07T01:27:26.734Z,"Fiji region",earthquake,,13.1,,9,reviewed,us,us
2005-10-19T12:47:27.320Z,34.737,73.106,10,5.1,mwc,121,37.5,,1.03,us,usp000e28b,2022-05-02T18:04:49.684Z,"10 km NE of Battagram, Pakistan",earthquake,,,,,reviewed,us,hrv
2005-10-19T12:41:02.700Z,39.01,21.67,13,3.6,md,13,70.6,,,us,usp000e28a,2014-11-07T01:27:26.721Z,"2 km E of Kerasochóri, Greece",earthquake,,,,,reviewed,ath,ath
2005-10-19T12:32:49.820Z,34.768,73.554,10,3.2,mb,13,115.7,,1.43,us,usp000e289,2014-11-07T01:27:26.719Z,"44 km N of Muzaffar?b?d, Pakistan",earthquake,,,,3,reviewed,us,us
2005-10-19T12:32:38.210Z,70.898,-6.906,10,4.3,ml,36,101.7,,1.2,us,usp000e288,2014-11-07T01:27:26.715Z,"66 km E of Olonkinbyen, Svalbard and Jan Mayen",earthquake,,,,,reviewed,us,ber
2005-10-19T11:44:42.790Z,36.405,140.839,32,6.3,mwb,527,21.4,,0.8,us,usp000e287,2022-07-14T13:55:49.988Z,"25 km ENE of ?arai, Japan",earthquake,,,,,reviewed,us,us
2005-10-19T11:28:40.100Z,51.549,-176.703,63.1,2.9,ml,9,236.8,,,us,usp000e286,2019-02-13T03:34:59.225Z,"36 km S of Adak, Alaska",earthquake,,,,,reviewed,aeic,aeic
2005-10-19T11:14:58.950Z,34.633,73.049,10,3.4,mb,8,199.9,,0.88,us,usp000e285,2014-11-07T01:27:26.665Z,"5 km SSE of Battagram, Pakistan",earthquake,,,,1,reviewed,us,us
2005-10-19T11:03:42.180Z,20.6288333,-155.5581667,24.021,2.5,ml,35,308,,0.14,hv,hv5456413,2020-03-31T21:30:25.360Z,"Hawaii region, Hawaii",earthquake,1.18,3.47,0.18,10,reviewed,hv,hv
2005-10-19T10:22:33.000Z,38.16,26.691,2.6,3.8,ml,12,175.7,,,us,usp000e284,2014-11-07T01:27:26.663Z,"13 km WSW of Seferihisar, Turkey",earthquake,,,,,reviewed,isk,the
2005-10-19T10:13:21.680Z,45.329,147.75,110.9,4.3,mb,16,136.5,,0.83,us,usp000e283,2014-11-07T01:27:26.661Z,"15 km NW of Kuril’sk, Russia",earthquake,,21.6,,3,reviewed,us,us
2005-10-19T10:11:31.000Z,38.152,26.676,17.1,4.2,mb,75,48.3,,,us,usp000e282,2014-11-07T01:27:26.642Z,"15 km WSW of Seferihisar, Turkey",earthquake,,,,11,reviewed,isk,us
2005-10-19T10:06:42.970Z,38.897,21.58,5.6,4,ml,52,71.7,,,us,usp000e281,2014-11-07T01:27:26.636Z,"13 km SSW of Kerasochóri, Greece",earthquake,,,,,reviewed,the,the
2005-10-19T09:54:38.600Z,36.64,23.02,24,3.3,ml,7,124,,,us,usp000e280,2014-11-07T01:27:26.635Z,"5 km SSW of Géfyra, Greece",earthquake,,,,,reviewed,ath,ath
2005-10-19T09:51:17.010Z,-7.142,105.484,30,4.5,mb,17,114,,1.08,us,usp000e27z,2014-11-07T01:27:26.633Z,"92 km SSW of Labuan, Indonesia",earthquake,,0,,7,reviewed,us,us
2005-10-19T09:08:50.320Z,45.623,26.6,85.6,3,md,7,119.3,,,us,usp000e27y,2014-11-07T01:27:26.631Z,"10 km WNW of Jitia, Romania",earthquake,,,,,reviewed,buc,irsa
2005-10-19T09:01:10.020Z,70.928,-6.842,10,4.3,mb,68,98.7,,1.31,us,usp000e27x,2014-11-07T01:27:26.624Z,"68 km E of Olonkinbyen, Svalbard and Jan Mayen",earthquake,,,,15,reviewed,us,us
2005-10-19T08:51:26.010Z,32.4966667,-118.145,9.85,4.26,ml,6,242,0.589,0.48,ci,ci10148829,2020-06-27T05:55:52.400Z,"40km SSE of San Clemente Is. (SE tip), CA",earthquake,3.1,31.61,0.13,361,reviewed,ci,ci
2005-10-19T08:32:30.900Z,45.14,3.9,5,2.5,ml,6,294.7,,,us,usp000e27v,2014-11-07T01:27:26.619Z,"5 km S of Vorey, France",earthquake,,,,,reviewed,str,str
2005-10-19T08:27:50.910Z,39.3153333,-122.8975,9.062,2.97,md,41,66,0.182,0.08,nc,nc21490301,2017-01-12T22:10:23.070Z,"16 km N of Upper Lake, California",earthquake,0.15,0.55,0.11,64,reviewed,nc,nc
2005-10-19T08:06:48.150Z,36.141,-89.716,8.07,2.5,md,27,45,0.02383,0.03,nm,nm605852,2016-04-11T13:04:05.250Z,"7 km SW of Caruthersville, Missouri",earthquake,0.3,0.7,0.093,8,reviewed,nm,nm
2005-10-19T07:14:38.630Z,52.172,-168.097,28.8,2.9,ml,13,211.9,,,us,usp000e27t,2019-02-13T03:34:58.183Z,"99 km SSE of Nikolski, Alaska",earthquake,,,,,reviewed,aeic,aeic
2005-10-19T07:09:07.770Z,34.71,73.073,10,3.4,mb,18,199.3,,0.67,us,usp000e27s,2014-11-07T01:27:26.614Z,"5 km NE of Battagram, Pakistan",earthquake,,,,1,reviewed,us,us
2005-10-19T06:35:15.600Z,-24.236,-67.282,206.8,3.9,md,9,118.1,,,us,usp000e27r,2014-11-07T01:27:26.613Z,"97 km W of San Antonio de los Cobres, Argentina",earthquake,,,,,reviewed,guc,guc
2005-10-19T05:51:23.000Z,38.122,26.684,7.2,3.5,md,5,179.6,,,us,usp000e27q,2014-11-07T01:27:26.611Z,"15 km WSW of Seferihisar, Turkey",earthquake,,,,,reviewed,isk,ath
2005-10-19T05:51:22.100Z,-31.028,-71.891,26.5,3.2,ml,5,240.2,,,us,usp000e27p,2014-11-07T01:27:26.610Z,"81 km SW of Ovalle, Chile",earthquake,,,,,reviewed,guc,guc
2005-10-19T05:47:39.280Z,-20.216,68.252,10,4.5,mb,15,76.9,,0.78,us,usp000e27n,2014-11-07T01:27:26.608Z,"Mid-Indian Ridge",earthquake,,,,3,reviewed,us,us
2005-10-19T05:44:48.900Z,51.156,5.969,10,2.7,ml,21,276.8,,,us,usp000e27m,2014-11-07T01:27:26.605Z,"2 km SSE of Merum, Netherlands",earthquake,,,,,reviewed,ldg,ldg
2005-10-19T05:41:08.800Z,-31.576,-69.983,138.1,2.9,md,10,253.9,,,us,usp000e27k,2014-11-07T01:27:26.603Z,"59 km WSW of Calingasta, Argentina",earthquake,,,,,reviewed,guc,guc
2005-10-19T05:25:38.740Z,34.586,73.072,10,3.7,mb,15,200,,1.11,us,usp000e27j,2014-11-07T01:27:26.601Z,"11 km SSE of Battagram, Pakistan",earthquake,,,,3,reviewed,us,us
2005-10-19T05:24:15.250Z,34.69,73.096,10,4,mb,27,101,,0.85,us,usp000e27h,2014-11-07T01:27:26.598Z,"6 km ENE of Battagram, Pakistan",earthquake,,,,5,reviewed,us,us
2005-10-19T05:17:20.280Z,34.61,73.045,10,4.7,mb,48,39.6,,0.96,us,usp000e27g,2014-11-07T01:27:26.594Z,"7 km SSE of Battagram, Pakistan",earthquake,,,,13,reviewed,us,us
2005-10-19T05:17:11.310Z,34.654,73.003,10,4.3,mb,32,97.6,,0.85,us,usp000e27f,2014-11-07T01:27:26.591Z,"3 km SW of Battagram, Pakistan",earthquake,,,,5,reviewed,us,us
2005-10-19T05:05:10.880Z,-55.145,-28.76,10,4.2,mb,18,58.6,,1.03,us,usp000e27e,2014-11-07T01:27:26.589Z,"South Sandwich Islands region",earthquake,,0,,7,reviewed,us,us
2005-10-19T05:02:50.640Z,34.611,72.819,10,3.2,mb,11,207.3,,0.98,us,usp000e27d,2014-11-07T01:27:26.587Z,"16 km WSW of Shingli Bala, Pakistan",earthquake,,,,2,reviewed,us,us
2005-10-19T04:29:44.000Z,38.16,26.754,12.5,3.4,md,4,190.7,,,us,usp000e27c,2014-11-07T01:27:26.586Z,"8 km WSW of Seferihisar, Turkey",earthquake,,,,,reviewed,isk,isk
2005-10-19T04:21:23.190Z,34.648,72.982,10,3.4,mb,13,199.8,,0.62,us,usp000e27b,2014-11-07T01:27:26.584Z,"3 km S of Shingli Bala, Pakistan",earthquake,,,,1,reviewed,us,us
2005-10-19T04:17:08.470Z,34.661,73.031,10,3.3,mb,14,199.6,,0.91,us,usp000e27a,2014-11-07T01:27:26.582Z,"1 km SSE of Battagram, Pakistan",earthquake,,,,1,reviewed,us,us
2005-10-19T04:04:48.000Z,38.167,26.762,5,3.5,md,5,189.9,,,us,usp000e279,2014-11-07T01:27:26.581Z,"7 km WSW of Seferihisar, Turkey",earthquake,,,,,reviewed,isk,ath
2005-10-19T04:00:56.440Z,34.569,72.946,10,3.6,mb,22,200.3,,0.81,us,usp000e278,2014-11-07T01:27:26.578Z,"12 km SSW of Shingli Bala, Pakistan",earthquake,,,,4,reviewed,us,us
2005-10-19T03:42:32.550Z,-15.99,178.195,10,4.8,mb,19,118.7,,0.9,us,usp000e277,2014-11-07T01:27:26.576Z,"134 km WNW of Labasa, Fiji",earthquake,,,,5,reviewed,us,us
2005-10-19T03:27:07.040Z,34.672,72.955,10,4.2,mb,10,200,,0.69,us,usp000e276,2014-11-07T01:27:26.575Z,"2 km WSW of Shingli Bala, Pakistan",earthquake,,,,2,reviewed,us,us
2005-10-19T03:16:21.070Z,34.755,73.055,10,5.4,mwc,286,21.4,,0.89,us,usp000e275,2022-07-14T13:57:31.710Z,"9 km NNE of Battagram, Pakistan",earthquake,,,,,reviewed,us,hrv
2005-10-19T02:55:05.600Z,-32.016,-71.08,81.7,2.8,md,6,172.1,,,us,usp000e274,2014-11-07T01:27:26.544Z,"28 km SSW of Salamanca, Chile",earthquake,,,,,reviewed,guc,guc
2005-10-19T02:52:56.060Z,34.708,73.079,10,3.8,mb,21,155.1,,0.76,us,usp000e273,2014-11-07T01:27:26.542Z,"6 km NE of Battagram, Pakistan",earthquake,,,,4,reviewed,us,us
2005-10-19T02:43:46.140Z,44.077,-97.539,5,3.1,mblg,10,129.7,,0.67,us,usp000e272,2022-07-13T00:28:22.126Z,"7 km N of Howard, South Dakota",earthquake,,,,,reviewed,us,us
2005-10-19T02:33:28.310Z,34.751,73.037,5,5.6,mwc,432,21,,0.98,us,usp000e271,2022-07-14T13:59:18.710Z,"8 km N of Battagram, Pakistan",earthquake,,,,,reviewed,us,hrv
2005-10-19T02:02:15.060Z,52.099,-173.607,172.5,3.2,m,15,175.5,,,us,usp000e270,2019-02-13T03:34:57.811Z,"42 km ESE of Atka, Alaska",earthquake,,,,,reviewed,aeic,aeic
2005-10-19T01:50:12.600Z,-24.213,-66.791,189,4.3,mb,13,96.9,,1.23,us,usp000e26z,2014-11-07T01:27:26.488Z,"47 km W of San Antonio de los Cobres, Argentina",earthquake,,11.5,,1,reviewed,us,us
2005-10-19T01:40:41.700Z,-37.12,177.49,149,4.1,m,14,268.7,,,us,usp000e26y,2014-11-07T01:27:26.486Z,"100 km N of Opotiki, New Zealand",earthquake,,,,,reviewed,wel,wel
2005-10-19T01:36:04.470Z,45.496,26.539,120.5,3,md,8,110,,,us,usp000e26x,2014-11-07T01:27:26.484Z,"3 km WNW of Lop?tari, Romania",earthquake,,,,,reviewed,buc,irsa
2005-10-19T01:34:20.923Z,53.4198,-165.8071,6.9,2.5,ml,,,,0.32,ak,ak005dexq3rg,2019-02-13T03:34:57.451Z,"69 km SE of Unalaska, Alaska",earthquake,,18.3,,,reviewed,ak,ak
2005-10-19T01:15:04.300Z,46.06,6.85,5,2.7,ml,52,74.7,,,us,usp000e26w,2014-11-07T01:27:26.478Z,"9 km ESE of Samoëns, France",earthquake,,,,,reviewed,str,ldg
2005-10-19T00:56:54.190Z,-15.577,167.754,133.8,4.6,mb,21,162.3,,0.86,us,usp000e26v,2014-11-07T01:27:26.475Z,"63 km E of Luganville, Vanuatu",earthquake,,15.3,,3,reviewed,us,us
2005-10-19T00:44:08.900Z,37.69,20.91,16,3.7,ml,40,94.7,,,us,usp000e26u,2014-11-07T01:27:26.472Z,"7 km ESE of Lithakiá, Greece",earthquake,,,,,reviewed,ath,ath
2005-10-19T00:32:43.600Z,-31.878,-71.055,82.3,4,mb,29,149.9,,,us,usp000e26t,2014-11-07T01:27:26.468Z,"13 km SW of Salamanca, Chile",earthquake,,,,2,reviewed,guc,us
2005-10-19T00:08:50.280Z,38.8293333,-122.8766667,2.363,2.9,md,63,34,0.00991,0.07,nc,nc30229588,2017-01-12T22:06:21.200Z,"12 km ENE of Cloverdale, California",earthquake,0.14,0.24,0.1,50,reviewed,nc,nc
2005-10-19T00:05:33.600Z,-40.44,176.27,25,4.6,ml,62,154.8,,,us,usp000e26r,2014-11-07T01:27:26.463Z,"51 km N of Castlepoint, New Zealand",earthquake,,,,,reviewed,wel,wel
2005-10-19T00:05:12.030Z,38.835,-122.881,2.009,4.14,mw,59,35,0.003604,0.08,nc,nc21490245,2020-05-06T08:07:16.140Z,"12 km ENE of Cloverdale, California",earthquake,0.13,0.23,,6,reviewed,nc,nc
2005-10-18T23:46:50.600Z,-30.22,-69.352,10.5,3.7,ml,8,140.9,,,us,usp000e26p,2014-11-07T01:27:26.458Z,"58 km W of San José de Jáchal, Argentina",earthquake,,,,,reviewed,guc,guc
2005-10-18T23:30:48.883Z,60.1092,-150.2812,58.4,2.6,ml,,,,0.89,ak,ak005ddn9hvc,2019-02-13T03:34:50.413Z,"46 km W of Seward, Alaska",earthquake,,0.4,,,reviewed,ak,ak
2005-10-18T23:26:03.300Z,37.67,21.01,7,3.7,ml,29,140,,,us,usp000e26m,2014-11-07T01:27:26.452Z,"15 km SE of Ambelókipoi, Greece",earthquake,,,,,reviewed,ath,ath
2005-10-18T23:09:07.570Z,37.032,3.249,0,3.7,m,8,287.6,,,us,usp000e26j,2014-11-07T01:27:26.448Z,"26 km N of Aïn Taya, Algeria",earthquake,,,,,reviewed,mdd,mdd
2005-10-18T23:04:48.000Z,38.166,26.739,5.3,3.2,md,4,188.9,,,us,usp000e26h,2014-11-07T01:27:26.447Z,"9 km WSW of Seferihisar, Turkey",earthquake,,,,,reviewed,isk,ath
2005-10-18T22:54:38.200Z,37.16,20.87,3,3.8,ml,12,231.6,,,us,usp000e26g,2014-11-07T01:27:26.446Z,"62 km S of Lithakiá, Greece",earthquake,,,,,reviewed,ath,ath
2005-10-18T22:49:27.000Z,38.155,26.674,16,4,ml,18,84.4,,,us,usp000e26f,2014-11-07T01:27:26.443Z,"15 km WSW of Seferihisar, Turkey",earthquake,,,,,reviewed,isk,isk
2005-10-18T22:31:02.750Z,46.6961667,-122.7773333,1.247,2.5,md,20,83,0.05787,0.22,uw,uw10683643,2016-07-22T21:59:20.810Z,"13 km SSE of Bucoda, Washington",explosion,0.624,1.12,0.03,0,reviewed,uw,uw
2005-10-18T21:55:36.830Z,6.932,94.242,30,4.4,mb,11,112.7,,0.67,us,usp000e26e,2014-11-07T01:27:26.442Z,"165 km NW of Sabang, Indonesia",earthquake,,,,1,reviewed,us,us
2005-10-18T21:36:46.360Z,13.668,92.958,30,4.2,mb,16,113,,0.39,us,usp000e26d,2014-11-07T01:27:26.440Z,"219 km N of Bamboo Flat, India",earthquake,,,,1,reviewed,us,us
2005-10-18T21:36:22.000Z,37.67,20.99,16,2.9,md,4,205.1,,,us,usp000e26c,2014-11-07T01:27:26.439Z,"14 km SE of Ambelókipoi, Greece",earthquake,,,,,reviewed,ath,ath
2005-10-18T21:20:06.240Z,34.786,72.985,10,5,mwc,134,56.9,,0.85,us,usp000e26b,2022-05-02T18:06:18.381Z,"11 km N of Shingli Bala, Pakistan",earthquake,,,,,reviewed,us,hrv
2005-10-18T21:19:59.990Z,34.763,73.087,10,4.6,mb,39,41.8,,1.1,us,usp000e26a,2014-11-07T01:27:26.422Z,"11 km NNE of Battagram, Pakistan",earthquake,,,,16,reviewed,us,us
2005-10-18T21:16:55.000Z,38.15,26.595,8.6,3.3,md,4,169.3,,,us,usp000e269,2014-11-07T01:27:26.421Z,"22 km WSW of Seferihisar, Turkey",earthquake,,,,,reviewed,isk,ath
2005-10-18T21:12:54.500Z,37.55,21.68,31,3.4,ml,25,119.6,,,us,usp000e268,2014-11-07T01:27:26.419Z,"7 km SE of Kréstena, Greece",earthquake,,,,,reviewed,ath,ath
2005-10-18T21:11:48.980Z,-9.223,118.625,80,4.4,mb,10,146.8,,1.26,us,usp000e267,2014-11-07T01:27:26.417Z,"77 km SSE of Dompu, Indonesia",earthquake,,,,2,reviewed,us,us
2005-10-18T21:01:35.350Z,34.432,18.942,10,4.1,ml,17,270.7,,0.57,us,usp000e266,2014-11-07T01:27:26.414Z,"259 km NW of T?krah, Libya",earthquake,,0,,,reviewed,us,the
2005-10-18T20:56:43.700Z,38.9,23.95,5,2.8,ml,5,238.6,,,us,usp000e265,2014-11-07T01:27:26.413Z,"28 km SSE of Patitírion, Greece",earthquake,,,,,reviewed,ath,ath
2005-10-18T20:20:01.600Z,-38.02,176.31,201,4.4,m,55,106.1,,,us,usp000e264,2014-11-07T01:27:26.409Z,"14 km NNE of Rotorua, New Zealand",earthquake,,,,,reviewed,wel,wel
2005-10-18T19:41:47.800Z,38.09,26.46,34,3.3,md,4,149,,,us,usp000e263,2014-11-07T01:27:26.391Z,"22 km SSE of Alaçat?, Turkey",earthquake,,,,,reviewed,ath,ath
2005-10-18T19:12:16.880Z,4.219,125.942,35,4.3,mb,7,140.8,,1.02,us,usp000e262,2014-11-07T01:27:26.390Z,"141 km SSE of Sarangani, Philippines",earthquake,,,,2,reviewed,us,us
2005-10-18T19:02:06.300Z,37.5,21.36,22,2.9,md,4,193.1,,,us,usp000e261,2014-11-07T01:27:26.389Z,"18 km SW of Epitálio, Greece",earthquake,,,,,reviewed,ath,ath
2005-10-18T19:00:53.950Z,52.133,-178.924,194.2,3.1,m,5,337.8,,,us,usp000e260,2019-02-13T03:34:49.204Z,"159 km W of Adak, Alaska",earthquake,,,,,reviewed,aeic,aeic
2005-10-18T18:46:57.090Z,-31.757,-179.211,25,4.7,mb,10,152.1,,1.52,us,usp000e25z,2014-11-07T01:27:26.386Z,"Kermadec Islands region",earthquake,,0,,3,reviewed,us,us
2005-10-18T18:46:39.530Z,34.527,73.154,10,3.8,mb,34,59.1,,0.86,us,usp000e25y,2014-11-07T01:27:26.382Z,"11 km NNW of Baffa, Pakistan",earthquake,,,,6,reviewed,us,us
2005-10-18T18:43:11.500Z,37.6,20.93,13,4.8,mb,111,41.1,,,us,usp000e25x,2014-11-07T01:27:26.370Z,"15 km SSE of Lithakiá, Greece",earthquake,,,,10,reviewed,ath,us
2005-10-18T18:33:44.550Z,79.641,19.78,10,3.5,ml,12,218.9,,1.25,us,usp000e25w,2014-11-07T01:27:26.368Z,"181 km NNE of Longyearbyen, Svalbard and Jan Mayen",earthquake,,0,,,reviewed,us,ber
2005-10-18T18:32:03.000Z,34.488,73.266,10,4.5,mb,51,58.9,,1.07,us,usp000e25v,2014-11-07T01:27:26.362Z,"6 km NE of Baffa, Pakistan",earthquake,,,,16,reviewed,us,us
2005-10-18T18:24:58.890Z,9.806,125.744,138.8,4.7,mb,8,139.8,,1.44,us,usp000e25u,2014-11-07T01:27:26.361Z,"14 km E of Talisay, Philippines",earthquake,,19.3,,2,reviewed,us,us
2005-10-18T18:19:10.910Z,19.99,-63.462,30.2,3.7,md,8,287.4,,,us,usp000e25t,2014-11-07T01:27:26.359Z,"200 km NNW of The Valley, Anguilla",earthquake,,,,,reviewed,rspr,rspr
2005-10-18T18:19:03.900Z,38.09,26.96,42,3.1,md,5,219.2,,,us,usp000e25s,2014-11-07T01:27:26.358Z,"15 km SE of Seferihisar, Turkey",earthquake,,,,,reviewed,ath,ath
2005-10-18T18:10:50.170Z,55.122,-160.503,4.6,3.2,ml,11,214.3,,,us,usp000e25r,2019-02-13T03:34:48.058Z,"23 km S of Sand Point, Alaska",earthquake,,,,,reviewed,aeic,aeic
2005-10-18T18:10:20.000Z,37.65,20.92,5,3.2,md,4,213.7,,,us,usp000e25q,2014-11-07T01:27:26.356Z,"11 km SE of Lithakiá, Greece",earthquake,,,,,reviewed,ath,ath
2005-10-18T18:05:00.000Z,38.199,26.75,24.2,3.3,md,4,191.6,,,us,usp000e25p,2014-11-07T01:27:26.354Z,"7 km W of Seferihisar, Turkey",earthquake,,,,,reviewed,isk,isk
2005-10-18T18:01:12.000Z,38.145,26.807,7,3.4,md,5,197.6,,,us,usp000e25n,2014-11-07T01:27:26.353Z,"6 km SSW of Seferihisar, Turkey",earthquake,,,,,reviewed,isk,isk
2005-10-18T17:45:44.500Z,37.59,20.95,6,3.6,ml,13,206.8,,,us,usp000e25m,2014-11-07T01:27:26.351Z,"17 km SE of Lithakiá, Greece",earthquake,,,,,reviewed,ath,ath
2005-10-18T17:20:56.780Z,-23.192,-66.741,197.1,4.3,mb,13,71.5,,0.97,us,usp000e25k,2014-11-07T01:27:26.349Z,"108 km W of El Aguilar, Argentina",earthquake,,8.8,,2,reviewed,us,us
2005-10-18T16:53:27.900Z,37.63,20.9,5,3.5,md,5,217.4,,,us,usp000e25j,2014-11-07T01:27:26.348Z,"11 km SSE of Lithakiá, Greece",earthquake,,,,,reviewed,ath,ath
2005-10-18T16:42:07.000Z,37.67,21,4,3.3,md,5,204.2,,,us,usp000e25h,2014-11-07T01:27:26.347Z,"14 km SE of Ambelókipoi, Greece",earthquake,,,,,reviewed,ath,ath
2005-10-18T16:29:11.700Z,37.68,21.05,2,3.7,ml,41,193.2,,,us,usp000e25g,2014-11-07T01:27:26.343Z,"17 km SE of Zakynthos, Greece",earthquake,,,,,reviewed,ath,ath
2005-10-18T16:20:03.800Z,37.62,20.8,11,3.7,ml,12,213.7,,,us,usp000e25f,2014-11-07T01:27:26.341Z,"11 km SSW of Lithakiá, Greece",earthquake,,,,,reviewed,ath,ath
2005-10-18T16:15:12.900Z,37.7,20.97,14,4.3,ml,55,139.6,,,us,usp000e25e,2014-11-07T01:27:26.335Z,"10 km SE of Ambelókipoi, Greece",earthquake,,,,,reviewed,ath,ath
2005-10-18T16:00:47.000Z,38.162,26.547,14.6,4.4,ml,47,60.1,,,us,usp000e25d,2014-11-07T01:27:26.331Z,"20 km SE of Alaçat?, Turkey",earthquake,,,,,reviewed,isk,isk
2005-10-18T15:51:48.000Z,38.155,26.809,15.3,3.5,md,6,115.6,,,us,usp000e25c,2014-11-07T01:27:26.329Z,"5 km SSW of Seferihisar, Turkey",earthquake,,,,,reviewed,isk,ath
2005-10-18T15:36:28.410Z,37.58,21.154,20,5,mwc,214,123.7,,1.2,us,usp000e25b,2022-05-02T18:04:36.118Z,"26 km SW of Kardamás, Greece",earthquake,,0,,,reviewed,us,hrv
2005-10-18T15:26:00.260Z,37.622,20.918,14.3,5.7,mwc,521,39.8,,1.13,us,usp000e25a,2022-07-14T14:01:06.966Z,"13 km SE of Lithakiá, Greece",earthquake,,,,,reviewed,us,hrv
2005-10-18T15:23:28.600Z,-33.967,-72.395,37.8,3.2,md,7,294.9,,,us,usp000e259,2014-11-07T01:27:26.232Z,"83 km WSW of San Antonio, Chile",earthquake,,,,,reviewed,guc,guc
2005-10-18T15:01:00.600Z,51.458,15.97,5,2.7,ml,12,242.1,,0.66,us,usp000e258,2014-11-07T01:27:26.230Z,"6 km NE of Chocianów, Poland",earthquake,,,,,reviewed,us,grf
2005-10-18T14:53:40.130Z,34.759,73.582,10,3.4,mb,8,271,,0.79,us,usp000e257,2014-11-07T01:27:26.229Z,"44 km NNE of Muzaffar?b?d, Pakistan",earthquake,,,,1,reviewed,us,us
2005-10-18T14:47:41.190Z,-19.977,-177.835,490.8,4.2,mb,12,198.2,,1.35,us,usp000e256,2014-11-07T01:27:26.227Z,"Fiji region",earthquake,,21.5,,5,reviewed,us,us
2005-10-18T14:15:34.500Z,42.684,-3.999,10,2.7,ml,5,309.8,,,us,usp000e255,2014-11-07T01:27:26.226Z,"2 km SSW of Basconcillos del Tozo, Spain",earthquake,,,,,reviewed,ldg,ldg
2005-10-18T14:14:08.960Z,34.567,73.098,10,3.6,mb,17,199.9,,0.92,us,usp000e254,2014-11-07T01:27:26.224Z,"14 km SSE of Battagram, Pakistan",earthquake,,,,2,reviewed,us,us
2005-10-18T13:30:05.517Z,59.8012,-153.2878,122.3,2.6,ml,,,,0.62,ak,ak005ddhb2h3,2019-02-13T03:34:47.351Z,"45 km E of Pedro Bay, Alaska",earthquake,,0.6,,,reviewed,ak,ak
2005-10-18T13:23:23.130Z,34.592,72.969,10,3.7,mb,13,200.1,,0.96,us,usp000e252,2014-11-07T01:27:26.219Z,"9 km S of Shingli Bala, Pakistan",earthquake,,,,1,reviewed,us,us
2005-10-18T13:21:24.500Z,37.82,20.12,32,3.7,md,5,239.1,,,us,usp000e251,2014-11-07T01:27:26.218Z,"50 km SSW of Lixoúri, Greece",earthquake,,,,,reviewed,ath,ath
2005-10-18T13:08:52.480Z,34.0173333,-116.7706667,17.386,2.91,ml,53,28,0.1795,0.19,ci,ci10148605,2016-03-07T22:30:05.385Z,"11km N of Cabazon, CA",earthquake,0.25,0.82,0.153,234,reviewed,ci,ci
2005-10-18T12:47:04.490Z,26.496,129.538,35,4.4,mb,21,121.4,,1.15,us,usp000e24z,2014-11-07T01:27:26.214Z,"155 km E of Nago, Japan",earthquake,,0,,6,reviewed,us,us
2005-10-18T12:31:08.090Z,34.561,73.266,10,4.3,mb,13,202.2,,0.87,us,usp000e24y,2014-11-07T01:27:26.212Z,"14 km NNE of Baffa, Pakistan",earthquake,,,,1,reviewed,us,us
2005-10-18T11:54:51.170Z,40.013,20.573,44,4.1,mb,206,21.6,,1.23,us,usp000e24x,2014-11-07T01:27:26.195Z,"14 km NNW of Kalpáki, Greece",earthquake,,4.9,,21,reviewed,us,us
2005-10-18T11:22:10.990Z,1.399,97.145,30,4.6,mb,29,90.9,,0.97,us,usp000e24w,2014-11-07T01:27:26.192Z,"121 km SW of Singkil, Indonesia",earthquake,,,,17,reviewed,us,us
2005-10-18T11:15:00.000Z,38.134,26.755,17.9,3.5,md,4,190,,,us,usp000e24v,2014-11-07T01:27:26.190Z,"10 km SW of Seferihisar, Turkey",earthquake,,,,,reviewed,isk,ath
2005-10-18T11:07:11.490Z,0.792,126.092,10,3.7,mb,5,174.3,,1.06,us,usp000e24u,2014-11-07T01:27:26.189Z,"143 km ESE of Tondano, Indonesia",earthquake,,0,,1,reviewed,us,us
2005-10-18T11:01:35.336Z,59.9985,-152.2158,60.3,2.5,ml,,,,0.6,ak,ak005ddfy1st,2019-02-13T03:34:45.857Z,"27 km WNW of Happy Valley, Alaska",earthquake,,0.3,,,reviewed,ak,ak
2005-10-18T10:20:34.500Z,-36.7,-179.25,33,3.8,ml,16,300.7,,,us,usp000e24t,2014-11-07T01:27:26.188Z,"east of the North Island of New Zealand",earthquake,,,,,reviewed,wel,wel
2005-10-18T09:12:30.800Z,-32.725,-71.247,43.9,3.3,md,4,281.3,,,us,usp000e24s,2014-11-07T01:27:26.186Z,"7 km NNW of Hacienda La Calera, Chile",earthquake,,,,,reviewed,guc,guc
2005-10-18T08:54:47.400Z,-33.971,-72.355,36.1,3.8,md,9,289,,,us,usp000e24r,2014-11-07T01:27:26.185Z,"80 km WSW of San Antonio, Chile",earthquake,,,,,reviewed,guc,guc
2005-10-18T08:53:55.650Z,-1.145,127.503,35,4.6,mb,12,132.6,,0.91,us,usp000e24q,2014-11-07T01:27:26.183Z,"208 km S of Sofifi, Indonesia",earthquake,,,,4,reviewed,us,us
2005-10-18T08:42:16.890Z,-14.173,-72.531,88.7,5,mwc,75,96,,1.17,us,usp000e24p,2025-12-19T23:23:21.756Z,"8 km NE of Mamara, Peru",earthquake,,,,,reviewed,us,hrv
2005-10-18T08:36:14.040Z,12.49,142.173,125.3,4.5,mb,8,123.4,,1.09,us,usp000e24n,2014-11-07T01:27:26.171Z,"284 km WSW of Merizo Village, Guam",earthquake,,24.9,,1,reviewed,us,us
2005-10-18T08:03:05.000Z,38.071,26.649,5.4,3.7,md,11,81.6,,,us,usp000e24m,2014-11-07T01:27:26.169Z,"21 km SW of Seferihisar, Turkey",earthquake,,,,,reviewed,isk,ath
2005-10-18T07:31:03.470Z,34.0121667,-116.7755,17.785,4.42,ml,93,18,0.179,0.26,ci,ci10148421,2020-06-27T05:55:02.456Z,"11km N of Cabazon, CA",earthquake,0.21,0.75,0.145,367,reviewed,ci,ci
2005-10-18T07:17:04.000Z,38.781,38.985,5,4.5,mb,9,212.4,,,us,usp000e24j,2014-11-07T01:27:26.162Z,"21 km E of Keban, Turkey",earthquake,,,,3,reviewed,isk,us
2005-10-18T07:10:37.713Z,51.5736,-173.1601,10,2.5,ml,,,,0.9,ak,ak005dddm90b,2019-02-13T03:34:51.868Z,"99 km SE of Atka, Alaska",earthquake,,0,,,reviewed,ak,ak
2005-10-18T07:03:02.420Z,-21.845,-179.145,570.2,4.8,mb,149,42.3,,0.82,us,usp000e24h,2014-11-07T01:27:26.148Z,"Fiji region",earthquake,,8.8,,49,reviewed,us,us
2005-10-18T06:44:32.000Z,38.107,26.818,5,3.2,md,4,198.3,,,us,usp000e24g,2014-11-07T01:27:26.147Z,"10 km S of Seferihisar, Turkey",earthquake,,,,,reviewed,isk,ath
2005-10-18T05:37:32.000Z,-33.959,-72.641,26.5,3.8,ml,19,161,,,us,usp000e24f,2014-11-07T01:27:26.144Z,"103 km WSW of San Antonio, Chile",earthquake,,,,,reviewed,guc,guc
2005-10-18T05:30:22.000Z,38.126,26.863,2.5,3.6,md,6,201.2,,,us,usp000e24e,2014-11-07T01:27:26.143Z,"8 km SSE of Seferihisar, Turkey",earthquake,,,,,reviewed,isk,ath
2005-10-18T05:19:20.700Z,-33.984,-72.35,37.1,4,md,14,272,,,us,usp000e24d,2014-11-07T01:27:26.141Z,"81 km WSW of San Antonio, Chile",earthquake,,,,,reviewed,guc,guc
2005-10-18T05:13:14.130Z,-29.482,-178.758,362.4,4,mb,21,122.6,,1.22,us,usp000e24c,2014-11-07T01:27:26.139Z,"Kermadec Islands, New Zealand",earthquake,,10.2,,3,reviewed,us,us
2005-10-18T05:05:19.420Z,13.025,143.391,197.4,4,mb,9,121.1,,1.03,us,usp000e24b,2014-11-07T01:27:26.137Z,"141 km W of Merizo Village, Guam",earthquake,,15.2,,1,reviewed,us,us
2005-10-18T05:04:51.000Z,38.111,26.695,9.2,3.7,md,8,132.7,,,us,usp000e24a,2014-11-07T01:27:26.136Z,"15 km SW of Seferihisar, Turkey",earthquake,,,,,reviewed,isk,ath
2005-10-18T04:59:57.000Z,38.182,26.751,5,3.1,md,4,191.1,,,us,usp000e249,2014-11-07T01:27:26.135Z,"7 km WSW of Seferihisar, Turkey",earthquake,,,,,reviewed,isk,ath
2005-10-18T04:47:52.660Z,46.201,-122.2006667,-1.612,2.9,md,16,73,,0.05,uw,uw10683423,2016-07-22T21:59:16.190Z,"Washington",earthquake,0.163,0.28,0.04,6,reviewed,uw,uw
2005-10-18T04:47:05.000Z,38.164,26.635,13.2,3.1,md,4,175.2,,,us,usp000e247,2014-11-07T01:27:26.029Z,"18 km WSW of Seferihisar, Turkey",earthquake,,,,,reviewed,isk,ath
2005-10-18T04:39:49.000Z,38.154,26.653,19.2,3.1,md,4,177,,,us,usp000e246,2014-11-07T01:27:25.964Z,"16 km WSW of Seferihisar, Turkey",earthquake,,,,,reviewed,isk,ath
2005-10-18T04:11:55.002Z,60.0708,-152.7268,106.7,2.5,ml,,,,0.46,ak,ak005ddbu78s,2019-02-13T03:34:44.362Z,"57 km WNW of Happy Valley, Alaska",earthquake,,0.3,,,reviewed,ak,ak
2005-10-18T04:10:16.000Z,38.125,26.709,10.3,3.5,md,5,165.7,,,us,usp000e244,2014-11-07T01:27:25.958Z,"13 km SW of Seferihisar, Turkey",earthquake,,,,,reviewed,isk,ath
2005-10-18T04:08:41.520Z,34.0141667,-116.7753333,15.676,4.1,ml,93,18,0.181,0.2,ci,ci10148369,2026-04-28T13:23:09.641Z,"11km N of Cabazon, CA",earthquake,0.2,0.85,0.12,387,reviewed,ci,ci
2005-10-18T04:05:28.900Z,38.14,27.24,36,2.9,md,4,250.8,,,us,usp000e242,2014-11-07T01:27:25.866Z,"10 km W of Torbal?, Turkey",earthquake,,,,,reviewed,ath,ath
2005-10-18T04:03:03.000Z,38.113,26.632,9,3,md,4,172,,,us,usp000e241,2014-11-07T01:27:25.864Z,"20 km WSW of Seferihisar, Turkey",earthquake,,,,,reviewed,isk,ath
2005-10-18T03:28:01.000Z,38.16,26.686,5.3,3.1,md,4,181.7,,,us,usp000e240,2014-11-07T01:27:25.862Z,"14 km WSW of Seferihisar, Turkey",earthquake,,,,,reviewed,isk,ath
2005-10-18T03:17:35.000Z,38.151,26.676,10.7,3.2,md,4,179.9,,,us,usp000e23z,2014-11-07T01:27:25.820Z,"15 km WSW of Seferihisar, Turkey",earthquake,,,,,reviewed,isk,ath
2005-10-18T03:03:27.000Z,38.108,26.653,9.2,3.2,md,4,174.4,,,us,usp000e23y,2014-11-07T01:27:25.819Z,"19 km WSW of Seferihisar, Turkey",earthquake,,,,,reviewed,isk,ath
2005-10-18T02:58:08.900Z,38.15,27.07,33,2.9,md,4,232.2,,,us,usp000e23x,2014-11-07T01:27:25.817Z,"12 km SSW of Menderes, Turkey",earthquake,,,,,reviewed,ath,ath
2005-10-18T02:50:16.330Z,41.646,23.632,16.3,2.9,ml,11,223.3,,,us,usp000e23w,2014-11-07T01:27:25.815Z,"12 km NW of Gotse Delchev, Bulgaria",earthquake,,,,,reviewed,the,the
2005-10-18T02:13:51.000Z,38.139,26.647,6.7,3.2,md,4,175.5,,,us,usp000e23v,2014-11-07T01:27:25.813Z,"18 km WSW of Seferihisar, Turkey",earthquake,,,,,reviewed,isk,ath
2005-10-18T01:51:09.000Z,38.175,26.703,10.3,3.2,md,4,184.6,,,us,usp000e23u,2014-11-07T01:27:25.811Z,"12 km WSW of Seferihisar, Turkey",earthquake,,,,,reviewed,isk,ath
2005-10-18T01:47:57.000Z,38.136,26.718,3.4,3.8,ml,9,166.5,,,us,usp000e23t,2014-11-07T01:27:25.808Z,"12 km WSW of Seferihisar, Turkey",earthquake,,,,,reviewed,isk,ath
2005-10-18T01:39:24.500Z,38.32,22.11,12,3.1,ml,11,55.6,,,us,usp000e23s,2014-11-07T01:27:25.806Z,"7 km NE of Rododáfni, Greece",earthquake,,,,,reviewed,ath,ath
2005-10-18T01:32:57.000Z,38.121,26.749,13.5,3,md,4,188.6,,,us,usp000e23r,2014-11-07T01:27:25.804Z,"11 km SW of Seferihisar, Turkey",earthquake,,,,,reviewed,isk,ath
2005-10-18T01:30:33.000Z,37.72,26.12,41,2.9,md,4,148.4,,,us,usp000e23q,2014-11-07T01:27:25.803Z,"19 km NW of Agios Kirykos, Greece",earthquake,,,,,reviewed,ath,ath
2005-10-18T01:27:53.280Z,-23.736,-111.904,10,4.6,mb,38,152,,0.9,us,usp000e23p,2014-11-07T01:27:25.799Z,"Easter Island region",earthquake,,,,12,reviewed,us,us
2005-10-18T01:19:20.500Z,-19.172,167.534,25,4,mb,10,140.5,,0.91,us,usp000e23n,2014-11-07T01:27:25.797Z,"178 km SSW of Port-Vila, Vanuatu",earthquake,,0,,1,reviewed,us,us
2005-10-18T01:08:50.000Z,38.145,26.564,5,3.5,ml,9,83.5,,,us,usp000e23m,2014-11-07T01:27:25.796Z,"22 km SE of Alaçat?, Turkey",earthquake,,,,,reviewed,isk,isk
2005-10-18T01:08:15.000Z,38.226,26.667,19.2,2.9,md,4,182.1,,,us,usp000e23k,2014-11-07T01:27:25.794Z,"13 km SW of Urla, Turkey",earthquake,,,,,reviewed,isk,ath
2005-10-18T01:05:34.000Z,38.122,26.605,5.3,3.6,ml,10,160,,,us,usp000e23j,2014-11-07T01:27:25.793Z,"22 km WSW of Seferihisar, Turkey",earthquake,,,,,reviewed,isk,isk
2005-10-18T00:55:55.570Z,37.041,-32.489,10,4.6,mb,13,144.5,,0.61,us,usp000e23h,2014-11-07T01:27:25.791Z,"283 km SSW of Lajes das Flores, Portugal",earthquake,,0,,2,reviewed,us,us
2005-10-18T00:50:22.740Z,-17.088,-65.444,47,3.9,mb,11,76.6,,0.7,us,usp000e23g,2014-11-07T01:27:25.789Z,"32 km WSW of Chimoré, Bolivia",earthquake,,11.8,,1,reviewed,us,us
2005-10-18T00:42:45.000Z,38.144,26.633,5.4,3.2,md,4,173.9,,,us,usp000e23f,2014-11-07T01:27:25.788Z,"18 km WSW of Seferihisar, Turkey",earthquake,,,,,reviewed,isk,ath
2005-10-18T00:29:15.300Z,32.4343333,-118.1471667,9.801,3.64,ml,6,249,0.64,0.22,ci,ci10148241,2016-03-07T23:54:28.718Z,"47km SSE of San Clemente Is. (SE tip), CA",earthquake,1.27,31.61,0.115,245,reviewed,ci,ci
2005-10-18T00:25:44.949Z,51.6963,-179.8841,92.4,2.5,ml,,,,0.24,ak,ak005dd9jg2m,2019-02-13T03:34:50.870Z,"225 km W of Adak, Alaska",earthquake,,2.8,,,reviewed,ak,ak
2005-10-18T00:25:26.860Z,17.039,-61.471,46,3.2,md,5,300.7,,,us,usp000e23d,2014-11-07T01:27:25.785Z,"32 km ESE of Parham, Antigua and Barbuda",earthquake,,,,,reviewed,trn,trn
2005-10-18T00:23:40.560Z,-34.793,54.725,10,4.7,mwc,15,82.6,,1.1,us,usp000e23c,2016-11-10T01:13:07.593Z,"Southwest Indian Ridge",earthquake,,,,,reviewed,us,hrv
2005-10-18T00:19:37.300Z,38.14,27.08,39,3.1,md,4,233.7,,,us,usp000e23b,2014-11-07T01:27:25.782Z,"13 km SSW of Menderes, Turkey",earthquake,,,,,reviewed,ath,ath
2005-10-18T00:13:22.000Z,38.193,26.709,24.6,2.9,md,4,186,,,us,usp000e23a,2014-11-07T01:27:25.781Z,"11 km W of Seferihisar, Turkey",earthquake,,,,,reviewed,isk,ath
2005-10-18T00:01:46.310Z,36.2033333,-121.7735,7.365,2.8,md,54,209,0.02523,0.15,nc,nc21490059,2017-01-12T21:58:16.970Z,"8 km SSE of Big Sur, California",earthquake,0.42,0.38,0.12,97,reviewed,nc,nc
2005-10-17T23:51:29.820Z,14.789,-88.066,35,3.8,md,6,171.7,,1.44,us,usp000e239,2014-11-07T01:27:25.779Z,"6 km NE of San Pedro Zacapa, Honduras",earthquake,,,,,reviewed,us,snet
2005-10-17T23:47:17.600Z,38.24,22.58,28,2.8,ml,8,66.7,,,us,usp000e238,2014-11-07T01:27:25.778Z,"16 km SSW of Antikyra, Greece",earthquake,,,,,reviewed,ath,ath
2005-10-17T23:44:49.000Z,38.139,26.664,17.2,3.1,md,4,177.7,,,us,usp000e237,2014-11-07T01:27:25.776Z,"16 km WSW of Seferihisar, Turkey",earthquake,,,,,reviewed,isk,isk
2005-10-17T23:27:46.000Z,38.072,26.756,17.2,3.3,md,7,165.7,,,us,usp000e236,2014-11-07T01:27:25.775Z,"15 km SSW of Seferihisar, Turkey",earthquake,,,,,reviewed,isk,isk
2005-10-17T23:13:15.000Z,38.169,26.6,11.3,4,ml,33,60.3,,,us,usp000e235,2014-11-07T01:27:25.771Z,"21 km W of Seferihisar, Turkey",earthquake,,,,,reviewed,isk,isk
2005-10-17T23:03:24.900Z,38.07,27.39,43,3.3,md,5,255.1,,,us,usp000e234,2014-11-07T01:27:25.769Z,"8 km NW of Belevi, Turkey",earthquake,,,,,reviewed,ath,isk
2005-10-17T22:58:00.700Z,38.33,21.82,21,3.2,md,6,97.7,,,us,usp000e233,2014-11-07T01:27:25.768Z,"3 km NE of Aktaío, Greece",earthquake,,,,,reviewed,ath,ath
2005-10-17T22:42:57.406Z,51.5989,-179.4409,95.4,2.6,ml,,,,0.33,ak,ak005dbz7b0s,2019-02-13T03:34:43.269Z,"196 km W of Adak, Alaska",earthquake,,0.2,,,reviewed,ak,ak
2005-10-17T22:41:04.580Z,34.693,73.313,10,3.5,mb,30,96.7,,1.09,us,usp000e232,2014-11-07T01:27:25.764Z,"26 km E of Battagram, Pakistan",earthquake,,,,7,reviewed,us,us
2005-10-17T22:39:14.200Z,16.044,-97.565,22.6,3.6,md,5,252.9,,,us,usp000e231,2014-11-07T01:27:25.762Z,"6 km ESE of Santa Rosa de Lima, Mexico",earthquake,,,,,reviewed,unm,unm
2005-10-17T22:29:58.420Z,0.358,122.534,35,4.5,mb,11,165.1,,0.58,us,usp000e230,2014-11-07T01:27:25.760Z,"62 km WSW of Gorontalo, Indonesia",earthquake,,,,4,reviewed,us,us
2005-10-17T21:59:22.770Z,11.677,-85.85,162.3,5.7,mwb,289,38.8,,1.13,us,usp000e22z,2022-07-14T14:02:54.966Z,"19 km NNE of Belén, Nicaragua",earthquake,,,,,reviewed,us,us
2005-10-17T21:56:00.000Z,38.115,26.694,15.1,3.3,ml,9,164.5,,,us,usp000e22y,2014-11-07T01:27:25.730Z,"15 km SW of Seferihisar, Turkey",earthquake,,,,,reviewed,isk,isk
2005-10-17T21:16:37.770Z,-11.109,165.23,35,4.2,mb,13,110.6,,0.83,us,usp000e22x,2014-11-07T01:27:25.728Z,"75 km SW of Lata, Solomon Islands",earthquake,,,,3,reviewed,us,us
2005-10-17T21:16:22.000Z,38.127,26.623,5,3.9,ml,22,107.8,,,us,usp000e22w,2014-11-07T01:27:25.726Z,"20 km WSW of Seferihisar, Turkey",earthquake,,,,,reviewed,isk,isk
2005-10-17T20:56:21.000Z,38.092,26.759,9.6,3.2,md,4,189,,,us,usp000e22v,2014-11-07T01:27:25.724Z,"13 km SSW of Seferihisar, Turkey",earthquake,,,,,reviewed,isk,isk
2005-10-17T20:41:17.000Z,38.136,26.75,12.6,3.3,md,4,189.3,,,us,usp000e22u,2014-11-07T01:27:25.723Z,"10 km SW of Seferihisar, Turkey",earthquake,,,,,reviewed,isk,isk
2005-10-17T20:35:02.000Z,38.102,26.732,6.8,3.4,md,5,166.3,,,us,usp000e22t,2014-11-07T01:27:25.722Z,"14 km SW of Seferihisar, Turkey",earthquake,,,,,reviewed,isk,ath
2005-10-17T20:33:24.010Z,0.323,123.778,35,4.1,mb,6,183.7,,0.45,us,usp000e22s,2014-11-07T01:27:25.721Z,"83 km ESE of Gorontalo, Indonesia",earthquake,,,,2,reviewed,us,us
2005-10-17T20:29:04.100Z,38.224,26.773,26,2.9,md,9,118.2,,,us,usp000e22r,2014-11-07T01:27:25.719Z,"6 km WNW of Seferihisar, Turkey",earthquake,,,,,reviewed,isk,ath
2005-10-17T20:19:20.000Z,38.121,26.687,5,3.4,md,5,122.5,,,us,usp000e22q,2014-11-07T01:27:25.718Z,"15 km WSW of Seferihisar, Turkey",earthquake,,,,,reviewed,isk,ath
2005-10-17T20:08:12.000Z,38.203,26.721,22.5,3.4,md,4,168.6,,,us,usp000e22p,2014-11-07T01:27:25.717Z,"10 km W of Seferihisar, Turkey",earthquake,,,,,reviewed,isk,ath
2005-10-17T19:59:06.600Z,52.011,-173.62,126.3,2.9,m,8,326.4,,,us,usp000e22n,2019-02-13T03:34:42.189Z,"44 km ESE of Atka, Alaska",earthquake,,,,,reviewed,aeic,aeic
2005-10-17T19:58:26.600Z,46.934,9.987,10,2.6,ml,11,276.8,,,us,usp000e22m,2014-11-07T01:27:25.713Z,"6 km SSW of Gaschurn, Austria",earthquake,,,,,reviewed,ldg,ldg
2005-10-17T19:55:27.200Z,-33.904,-71.393,48.3,3.4,md,7,144.9,,,us,usp000e22k,2014-11-07T01:27:25.711Z,"28 km SW of Melipilla, Chile",earthquake,,,,,reviewed,guc,guc
2005-10-17T19:32:11.000Z,38.13,26.763,2.8,3.3,md,5,189.1,,,us,usp000e22j,2014-11-07T01:27:25.710Z,"10 km SW of Seferihisar, Turkey",earthquake,,,,,reviewed,isk,ath
2005-10-17T19:31:54.370Z,31.872,137.375,10,4.2,mwr,31,133.5,,0.87,us,usp000e22h,2014-11-07T01:27:25.706Z,"244 km SSE of Shing?, Japan",earthquake,,0,,,reviewed,us,nied
2005-10-17T19:28:11.000Z,38.099,26.602,5.5,3.3,md,5,167,,,us,usp000e22g,2014-11-07T01:27:25.703Z,"23 km WSW of Seferihisar, Turkey",earthquake,,,,,reviewed,isk,isk
2005-10-17T19:23:02.210Z,-17.775,-69.486,123,5.7,mwb,404,40,,0.85,us,usp000e22f,2022-07-14T14:04:40.482Z,"50 km E of Palca, Peru",earthquake,,,,,reviewed,us,us
2005-10-17T19:22:56.000Z,38.107,26.765,5,3.3,md,5,188.7,,,us,usp000e22e,2014-11-07T01:27:25.663Z,"11 km SSW of Seferihisar, Turkey",earthquake,,,,,reviewed,isk,isk
2005-10-17T19:19:46.000Z,38.131,26.718,11.1,3.3,md,5,183.8,,,us,usp000e22d,2014-11-07T01:27:25.662Z,"12 km SW of Seferihisar, Turkey",earthquake,,,,,reviewed,isk,isk
2005-10-17T19:07:06.090Z,-23.958,-179.885,518.5,4.4,mb,28,98.8,,1.12,us,usp000e22c,2014-11-07T01:27:25.658Z,"south of the Fiji Islands",earthquake,,10.5,,8,reviewed,us,us
2005-10-17T18:48:26.920Z,37.905,141.998,41.5,5,mwc,130,118.9,,0.81,us,usp000e22b,2022-05-02T18:04:27.171Z,"83 km SE of Ishinomaki, Japan",earthquake,,,,,reviewed,us,hrv
2005-10-17T18:44:02.900Z,-20.387,-68.357,127.5,4.2,mb,16,109.7,,1.12,us,usp000e22a,2014-11-07T01:27:25.643Z,"148 km W of Colchani, Bolivia",earthquake,,9.1,,4,reviewed,us,us
2005-10-17T18:32:44.900Z,38.13,26.42,26,3,md,5,147.7,,,us,usp000e229,2014-11-07T01:27:25.642Z,"17 km SSE of Alaçat?, Turkey",earthquake,,,,,reviewed,ath,ath
2005-10-17T18:30:34.750Z,52.602,-168.95,37.6,2.5,ml,4,320.1,,,us,usp000e228,2019-02-13T03:34:41.838Z,"37 km S of Nikolski, Alaska",earthquake,,,,,reviewed,aeic,aeic
2005-10-17T18:19:46.000Z,38.093,26.817,8.2,3.1,md,4,197.9,,,us,usp000e227,2014-11-07T01:27:25.639Z,"11 km S of Seferihisar, Turkey",earthquake,,,,,reviewed,isk,isk
2005-10-17T18:04:59.000Z,-38.16,176.14,183,3.9,m,38,203.7,,,us,usp000e226,2014-11-07T01:27:25.636Z,"9 km WSW of Rotorua, New Zealand",earthquake,,,,,reviewed,wel,wel
2005-10-17T17:58:12.490Z,38.569,142.896,16.9,4.1,m,7,156.3,,,us,usp000e225,2014-11-07T01:27:25.634Z,"116 km ESE of ?funato, Japan",earthquake,,,,,reviewed,jma,jma
2005-10-17T17:42:25.000Z,38.067,26.757,5,3.2,md,4,187.6,,,us,usp000e224,2014-11-07T01:27:25.633Z,"16 km SSW of Seferihisar, Turkey",earthquake,,,,,reviewed,isk,ath
2005-10-17T17:35:44.000Z,38.167,26.604,4.7,3.6,ml,5,171.5,,,us,usp000e223,2014-11-07T01:27:25.631Z,"20 km W of Seferihisar, Turkey",earthquake,,,,,reviewed,isk,isk
2005-10-17T17:26:53.000Z,38.168,26.601,11.3,3.4,md,7,160.9,,,us,usp000e222,2014-11-07T01:27:25.630Z,"21 km W of Seferihisar, Turkey",earthquake,,,,,reviewed,isk,isk
2005-10-17T17:13:21.780Z,54.928,161.812,52.3,4.5,mb,56,107.6,,0.83,us,usp000e221,2014-11-07T01:27:25.625Z,"150 km SSW of Ust’-Kamchatsk Staryy, Russia",earthquake,,13.9,,32,reviewed,us,us
2005-10-17T17:10:41.470Z,35.285,74.736,35,3.5,mb,10,166.8,,0.55,us,usp000e220,2014-11-07T01:27:25.623Z,"80 km SSE of Gilgit, Pakistan",earthquake,,,,3,reviewed,us,us
2005-10-17T17:03:18.640Z,52.747,-168.159,25,2.5,ml,5,257.2,,,us,usp000e21z,2019-02-13T03:34:35.152Z,"51 km ESE of Nikolski, Alaska",earthquake,,,,,reviewed,aeic,aeic
2005-10-17T16:57:48.000Z,38.035,26.729,12.5,3.5,ml,8,164.1,,,us,usp000e21y,2014-11-07T01:27:25.620Z,"20 km SSW of Seferihisar, Turkey",earthquake,,,,,reviewed,isk,isk
2005-10-17T16:43:39.480Z,34.453,73.161,10,3.8,mb,30,168.6,,0.95,us,usp000e21x,2014-11-07T01:27:25.617Z,"6 km WNW of Baffa, Pakistan",earthquake,,,,10,reviewed,us,us
2005-10-17T16:29:07.450Z,34.465,73.215,10,3.5,mb,10,199.9,,1.48,us,usp000e21w,2014-11-07T01:27:25.616Z,"3 km NNW of Baffa, Pakistan",earthquake,,,,1,reviewed,us,us
2005-10-17T16:27:51.000Z,38.182,26.614,13.8,3.8,ml,7,127.9,,,us,usp000e21v,2014-11-07T01:27:25.614Z,"19 km W of Seferihisar, Turkey",earthquake,,,,,reviewed,isk,isk
2005-10-17T16:15:20.070Z,40.625,138.911,44.8,5.1,mwc,83,119.1,,0.92,us,usp000e21t,2025-12-19T23:23:20.976Z,"105 km WNW of Noshiro, Japan",earthquake,,7.2,,,reviewed,us,hrv
2005-10-17T16:13:46.290Z,40.638,139.059,35,5.3,mwc,171,106.5,,1.06,us,usp000e21s,2025-12-19T23:23:20.203Z,"95 km WNW of Noshiro, Japan",earthquake,,,,,reviewed,us,hrv
2005-10-17T15:55:25.000Z,38.144,26.618,5.5,3.5,md,6,108.7,,,us,usp000e21r,2014-11-07T01:27:25.586Z,"20 km WSW of Seferihisar, Turkey",earthquake,,,,,reviewed,isk,isk
2005-10-17T15:46:03.600Z,38.11,21.74,31,3.2,md,5,109.9,,,us,usp000e21q,2014-11-07T01:27:25.585Z,"3 km W of Chalandrítsa, Greece",earthquake,,,,,reviewed,ath,ath
2005-10-17T15:46:01.370Z,-3.288,140.182,35,4.5,mb,7,153.2,,1.34,us,usp000e21p,2014-11-07T01:27:25.584Z,"91 km SSW of Abepura, Indonesia",earthquake,,,,2,reviewed,us,us
2005-10-17T15:42:36.300Z,38.1,21.73,30,3.1,md,5,109.5,,,us,usp000e21n,2014-11-07T01:27:25.583Z,"4 km WSW of Chalandrítsa, Greece",earthquake,,,,,reviewed,ath,ath
2005-10-17T15:25:18.270Z,39.003,21.665,6.6,3.5,ml,31,71.5,,,us,usp000e21m,2014-11-07T01:27:25.579Z,"2 km E of Kerasochóri, Greece",earthquake,,,,,reviewed,the,ath
2005-10-17T15:16:24.000Z,38.137,26.708,10.6,3.4,md,5,182.9,,,us,usp000e21k,2014-11-07T01:27:25.578Z,"13 km WSW of Seferihisar, Turkey",earthquake,,,,,reviewed,isk,isk
2005-10-17T15:12:31.000Z,38.154,26.559,13.6,3.5,ml,6,165.1,,,us,usp000e21j,2014-11-07T01:27:25.576Z,"21 km SE of Alaçat?, Turkey",earthquake,,,,,reviewed,isk,isk
2005-10-17T14:57:31.530Z,42.427,19.772,0,2.5,ml,11,110.5,,,us,usp000e21h,2014-11-07T01:27:25.574Z,"15 km SSW of Gusinje, Montenegro",earthquake,,,,,reviewed,pdg,pdg
2005-10-17T14:53:20.000Z,38.07,26.653,4.3,4,ml,12,107.2,,,us,usp000e21g,2014-11-07T01:27:25.572Z,"21 km SW of Seferihisar, Turkey",earthquake,,,,,reviewed,isk,ath
2005-10-17T13:52:41.420Z,39.668,24.616,10.7,4.3,mb,73,30.3,,,us,usp000e21e,2014-11-07T01:27:25.563Z,"44 km WSW of Mýrina, Greece",earthquake,,,,3,reviewed,the,us
2005-10-17T13:51:11.300Z,41.251,-126.573,10,3.9,mb,8,239.3,,1.15,us,usp000e21d,2014-11-07T01:27:25.560Z,"204 km W of Big Lagoon, California",earthquake,,,,2,reviewed,us,us
2005-10-17T13:31:50.100Z,34.578,72.98,10,4.1,mb,16,199.1,,0.72,us,usp000e21c,2014-11-07T01:27:25.557Z,"11 km S of Shingli Bala, Pakistan",earthquake,,,,3,reviewed,us,us
2005-10-17T13:29:09.310Z,1.686,97.185,26.9,4.3,mb,11,172.2,,1.23,us,usp000e21b,2014-11-07T01:27:25.547Z,"94 km SW of Singkil, Indonesia",earthquake,,,,3,reviewed,us,us
2005-10-17T13:22:49.000Z,38.163,26.627,20.7,4.4,ml,29,57.1,,,us,usp000e21a,2014-11-07T01:27:25.543Z,"18 km WSW of Seferihisar, Turkey",earthquake,,,,,reviewed,isk,isk
2005-10-17T13:16:42.000Z,38.208,26.65,14.5,4,ml,15,84.2,,,us,usp000e219,2014-11-07T01:27:25.541Z,"16 km SW of Urla, Turkey",earthquake,,,,,reviewed,isk,ath
2005-10-17T13:12:41.670Z,32.169,67.756,35,4.5,mb,19,150.6,,1.2,us,usp000e218,2014-11-07T01:27:25.539Z,"80 km E of Qal?t, Afghanistan",earthquake,,,,9,reviewed,us,us
2005-10-17T12:43:29.000Z,38.173,26.663,17.3,4.4,ml,52,48.2,,,us,usp000e217,2014-11-07T01:27:25.534Z,"15 km W of Seferihisar, Turkey",earthquake,,,,,reviewed,isk,isk
2005-10-17T12:41:00.670Z,34.549,73.275,10,3.5,mb,31,97.4,,0.97,us,usp000e216,2014-11-07T01:27:25.531Z,"13 km NNE of Baffa, Pakistan",earthquake,,,,7,reviewed,us,us
2005-10-17T12:40:48.772Z,61.8206,-150.0245,11.5,2.6,ml,,,,0.75,ak,ak005dbt8ivh,2019-02-13T03:34:33.298Z,"8 km N of Willow, Alaska",earthquake,,0.3,,,reviewed,ak,ak
2005-10-17T12:34:01.400Z,38.4,27.06,13,3.5,md,7,194.2,,,us,usp000e214,2014-11-07T01:27:25.525Z,"6 km WSW of ?zmir, Turkey",earthquake,,,,,reviewed,ath,ath
2005-10-17T12:32:02.300Z,38.09,26.49,25,3.4,md,6,152.5,,,us,usp000e213,2014-11-07T01:27:25.524Z,"23 km SSE of Alaçat?, Turkey",earthquake,,,,,reviewed,ath,ath
2005-10-17T12:31:00.300Z,-41.29,173.99,47,3.8,ml,12,126.7,,,us,usp000e212,2014-11-07T01:27:25.522Z,"1 km W of Picton, New Zealand",earthquake,,,,,reviewed,wel,wel
2005-10-17T12:25:11.000Z,-24.359,-70.624,25,4.6,ml,20,70.4,,,us,usp000e211,2014-11-07T01:27:25.520Z,"81 km SSW of Antofagasta, Chile",earthquake,,,,,reviewed,guc,guc
2005-10-17T12:22:32.000Z,38.139,26.714,12.9,3.8,ml,10,104.6,,,us,usp000e210,2014-11-07T01:27:25.518Z,"12 km WSW of Seferihisar, Turkey",earthquake,,,,,reviewed,isk,isk
2005-10-17T12:09:53.500Z,38.14,26.56,24,3.6,md,7,157.9,,,us,usp000e20z,2014-11-07T01:27:25.517Z,"22 km SE of Alaçat?, Turkey",earthquake,,,,,reviewed,ath,ath
2005-10-17T12:05:36.900Z,38.03,27,13,3.3,md,6,172.7,,,us,usp000e20y,2014-11-07T01:27:25.516Z,"11 km W of Özdere, Turkey",earthquake,,,,,reviewed,ath,ath
2005-10-17T12:02:21.000Z,38.195,26.76,27.8,3.4,ml,5,168.1,,,us,usp000e20x,2014-11-07T01:27:25.514Z,"6 km W of Seferihisar, Turkey",earthquake,,,,,reviewed,isk,isk
2005-10-17T11:52:21.100Z,38.17,26.91,25,4.1,ml,7,172.3,,,us,usp000e20w,2014-11-07T01:27:25.512Z,"6 km ESE of Seferihisar, Turkey",earthquake,,,,,reviewed,ath,isk
2005-10-17T11:48:46.000Z,38.257,26.605,24.2,3.7,ml,6,176.2,,,us,usp000e20v,2014-11-07T01:27:25.511Z,"15 km WSW of Urla, Turkey",earthquake,,,,,reviewed,isk,isk
2005-10-17T11:20:26.100Z,38.18,26.64,20,3.9,ml,10,163.4,,,us,usp000e20u,2014-11-07T01:27:25.509Z,"17 km W of Seferihisar, Turkey",earthquake,,,,,reviewed,ath,ath
2005-10-17T11:17:43.000Z,38.162,26.651,12.8,4.1,ml,8,110,,,us,usp000e20t,2014-11-07T01:27:25.507Z,"16 km WSW of Seferihisar, Turkey",earthquake,,,,,reviewed,isk,isk
2005-10-17T11:10:31.220Z,52.265,-169.919,1,3.5,ml,6,350.6,,,us,usp000e20s,2019-02-13T03:34:32.434Z,"103 km SW of Nikolski, Alaska",earthquake,,,,,reviewed,aeic,aeic
2005-10-17T11:06:55.000Z,38.33,26.588,9.7,3.3,ml,4,177.3,,,us,usp000e20r,2014-11-07T01:27:25.503Z,"15 km W of Urla, Turkey",earthquake,,,,,reviewed,isk,isk
2005-10-17T10:58:26.810Z,34.758,73.131,10,3.6,mb,25,189.7,,0.66,us,usp000e20q,2014-11-07T01:27:25.498Z,"13 km NE of Battagram, Pakistan",earthquake,,,,4,reviewed,us,us
2005-10-17T10:57:27.000Z,38.444,26.449,30,3.9,ml,10,109.1,,,us,usp000e20p,2014-11-07T01:27:25.454Z,"18 km NE of Çe?me, Turkey",earthquake,,,,,reviewed,isk,isk
2005-10-17T10:49:14.000Z,38.32,21.75,41,3.1,md,4,143.8,,,us,usp000e20n,2014-11-07T01:27:25.453Z,"1 km SW of Antirrio, Greece",earthquake,,,,,reviewed,ath,ath
2005-10-17T10:48:20.830Z,36.5453333,-121.136,8.596,2.73,md,82,47,0.05225,0.06,nc,nc21489929,2017-01-12T21:52:08.380Z,"21 km NE of Soledad, California",earthquake,0.09,0.21,0.12,106,reviewed,nc,nc
2005-10-17T10:43:07.850Z,34.838,73.192,10,4.9,mwc,166,58.2,,1.15,us,usp000e20m,2016-11-10T01:13:04.034Z,"23 km NE of Battagram, Pakistan",earthquake,,,,,reviewed,us,hrv
2005-10-17T10:18:02.400Z,38.33,21.87,7,3.4,ml,9,107.9,,,us,usp000e20k,2014-11-07T01:27:25.437Z,"7 km NNE of Áno Kastrítsi, Greece",earthquake,,,,,reviewed,ath,ath
2005-10-17T10:07:54.000Z,38.119,26.73,14.4,4.1,ml,14,57.1,,,us,usp000e20j,2014-11-07T01:27:25.435Z,"12 km SW of Seferihisar, Turkey",earthquake,,,,,reviewed,isk,isk
2005-10-17T10:06:47.720Z,-4.461,152.778,35,4.6,mb,22,109.2,,0.88,us,usp000e20h,2014-11-07T01:27:25.432Z,"58 km ESE of Kokopo, Papua New Guinea",earthquake,,,,6,reviewed,us,us
2005-10-17T09:58:40.780Z,37.922,26.735,20.5,4.2,mb,38,116.6,,0.88,us,usp000e20g,2014-11-07T01:27:25.427Z,"14 km N of Néon Karlovásion, Greece",earthquake,,9.4,,16,reviewed,us,us
2005-10-17T09:55:30.000Z,38.143,26.615,20.7,5.2,mwc,287,21.1,,,us,usp000e20f,2022-05-02T18:04:25.964Z,"20 km WSW of Seferihisar, Turkey",earthquake,,,,,reviewed,isk,hrv
2005-10-17T09:46:53.900Z,38.2,26.5,10.4,5.8,mwb,558,15.6,,,us,usp000e20e,2022-07-14T14:06:31.191Z,"14 km SE of Alaçat?, Turkey",earthquake,,,,,reviewed,isk,us
2005-10-17T09:32:04.960Z,-8.916,118.241,25,4.7,mb,9,136.3,,1.22,us,usp000e20d,2014-11-07T01:27:25.352Z,"48 km SSW of Dompu, Indonesia",earthquake,,0,,3,reviewed,us,us
2005-10-17T08:50:02.000Z,38.194,26.563,17.3,3.5,ml,4,167.9,,,us,usp000e20c,2014-11-07T01:27:25.350Z,"19 km ESE of Alaçat?, Turkey",earthquake,,,,,reviewed,isk,isk
2005-10-17T08:34:43.000Z,38.126,26.546,15.2,4.7,ml,124,23.2,,,us,usp000e20b,2014-11-07T01:27:25.340Z,"22 km SE of Alaçat?, Turkey",earthquake,,,,,reviewed,isk,isk
2005-10-17T08:28:52.000Z,38.18,26.622,14.4,4,mb,82,48,,,us,usp000e20a,2014-11-07T01:27:25.332Z,"19 km W of Seferihisar, Turkey",earthquake,,,,15,reviewed,isk,us
2005-10-17T08:07:28.000Z,38.153,26.562,15.4,3.9,ml,17,60.7,,,us,usp000e209,2014-11-07T01:27:25.330Z,"21 km SE of Alaçat?, Turkey",earthquake,,,,,reviewed,isk,isk
2005-10-17T07:54:40.000Z,38.034,26.954,23.4,3.1,md,6,125.2,,,us,usp000e208,2014-11-07T01:27:25.328Z,"15 km W of Özdere, Turkey",earthquake,,,,,reviewed,isk,ath
2005-10-17T07:51:12.160Z,39.4751667,-123.0085,6.18,2.65,md,16,57,0.06306,0.05,nc,nc21489903,2017-01-12T21:51:25.206Z,"19 km NNE of Potter Valley, California",earthquake,0.28,0.99,0.11,20,reviewed,nc,nc
2005-10-17T07:49:50.000Z,38.15,26.611,14.8,3.4,md,6,161,,,us,usp000e207,2014-11-07T01:27:25.327Z,"20 km WSW of Seferihisar, Turkey",earthquake,,,,,reviewed,isk,ath
2005-10-17T07:33:04.000Z,38.167,26.776,23.1,3.4,md,4,193.9,,,us,usp000e206,2014-11-07T01:27:25.326Z,"6 km WSW of Seferihisar, Turkey",earthquake,,,,,reviewed,isk,isk
2005-10-17T07:14:56.000Z,38.163,26.814,28.3,3.2,md,6,115.3,,,us,usp000e205,2014-11-07T01:27:25.324Z,"4 km SSW of Seferihisar, Turkey",earthquake,,,,,reviewed,isk,isk
2005-10-17T07:12:43.110Z,-49.518,164.189,10,5.7,mwc,193,34.7,,1.15,us,usp000e204,2022-05-02T18:04:23.722Z,"Auckland Islands, New Zealand region",earthquake,,,,,reviewed,us,hrv
2005-10-17T07:05:47.000Z,38.132,26.604,7.1,4.3,ml,32,60.1,,,us,usp000e203,2014-11-07T01:27:25.295Z,"21 km WSW of Seferihisar, Turkey",earthquake,,,,,reviewed,isk,isk
2005-10-17T06:16:05.000Z,38.14,26.658,11.1,4.2,ml,30,48.2,,,us,usp000e202,2014-11-07T01:27:25.292Z,"17 km WSW of Seferihisar, Turkey",earthquake,,,,,reviewed,isk,isk
2005-10-17T06:09:52.600Z,35.9236667,-120.4753333,4.904,3.11,md,66,45,0.01622,0.07,nc,nc21489887,2017-01-12T21:50:38.230Z,"Central California",earthquake,0.12,0.18,0.09,109,reviewed,nc,nc
2005-10-17T05:59:22.000Z,38.218,26.623,20.5,4.1,ml,18,62.4,,,us,usp000e200,2014-11-07T01:27:25.288Z,"16 km SW of Urla, Turkey",earthquake,,,,,reviewed,isk,isk
2005-10-17T05:58:35.960Z,-32.128,-178.239,59.2,4.6,mb,26,127.4,,0.91,us,usp000e1zz,2014-11-07T01:27:25.285Z,"south of the Kermadec Islands",earthquake,,8,,6,reviewed,us,us
2005-10-17T05:45:16.000Z,38.131,26.505,8.1,5.5,mwc,439,17.1,,,us,usp000e1zy,2022-07-14T14:08:15.037Z,"20 km SE of Alaçat?, Turkey",earthquake,,,,,reviewed,isk,hrv
2005-10-17T04:55:15.800Z,40.7165,-123.4658333,27.047,2.8,md,19,109,0.1829,0.05,nc,nc21489871,2017-01-12T21:50:10.769Z,"10 km S of Burnt Ranch, California",earthquake,0.23,0.58,0.14,27,reviewed,nc,nc
2005-10-17T04:31:26.000Z,38.189,26.632,17.2,3.9,ml,15,87,,,us,usp000e1zw,2014-11-07T01:27:25.238Z,"18 km W of Seferihisar, Turkey",earthquake,,,,,reviewed,isk,ath
2005-10-17T04:29:09.220Z,36.475,70.86,175.5,4.2,mb,19,183.7,,1.21,us,usp000e1zv,2014-11-07T01:27:25.236Z,"43 km S of Jurm, Afghanistan",earthquake,,21.5,,9,reviewed,us,us
2005-10-17T04:19:32.300Z,35.54,22.5,5,3.7,md,6,249.4,,,us,usp000e1zu,2014-11-07T01:27:25.235Z,"80 km SSW of Kýthira, Greece",earthquake,,,,,reviewed,ath,ath
2005-10-17T03:50:53.940Z,-24.012,-176.048,35,5.4,mwc,69,76.3,,1.18,us,usp000e1zt,2025-12-19T23:23:19.474Z,"south of the Fiji Islands",earthquake,,0,,,reviewed,us,hrv
2005-10-17T03:45:16.540Z,32.878,95.465,10,4.1,mb,17,113.3,,1.23,us,usp000e1zs,2014-11-07T01:27:25.224Z,"252 km NW of Qamdo, China",earthquake,,,,3,reviewed,us,us
2005-10-17T03:29:22.660Z,39.1538333,-123.1246667,8.011,3.06,ml,34,36,0.04324,0.09,nc,nc21489861,2019-06-28T18:48:08.458Z,"4 km ENE of Talmage, California",earthquake,0.21,0.56,,8,reviewed,nc,nc
2005-10-17T03:12:41.900Z,37.25,3.514,0,3.5,m,6,283.1,,,us,usp000e1zq,2014-11-07T01:27:25.220Z,"51 km NW of Dellys, Algeria",earthquake,,,,,reviewed,mdd,mdd
2005-10-17T02:47:59.780Z,10.378,-63.718,35,3.4,mb,13,79.2,,1.08,us,usp000e1zp,2014-11-07T01:27:25.219Z,"51 km E of Cumaná, Venezuela",earthquake,,,,1,reviewed,us,us
2005-10-17T02:35:58.120Z,2.924,99.075,177.5,4,mb,17,91.1,,0.81,us,usp000e1zn,2014-11-07T01:27:25.217Z,"3 km S of Pematangsiantar, Indonesia",earthquake,,14.7,,3,reviewed,us,us
2005-10-17T02:18:50.580Z,34.847,32.97,10,4.1,ml,20,146.3,,,us,usp000e1zm,2014-11-07T01:27:25.214Z,"5 km S of Peléndri, Cyprus",earthquake,,,,,reviewed,nic,isk
2005-10-17T02:06:53.000Z,-15.454,-74.813,37.8,5,mb,55,102.5,,0.93,us,usp000e1zk,2014-11-07T01:27:25.209Z,"21 km W of Acarí, Peru",earthquake,,8.7,,13,reviewed,us,us
2005-10-17T01:43:04.300Z,34.232,73.576,10,3.4,mb,20,169.4,,0.82,us,usp000e1zj,2014-11-07T01:27:25.207Z,"18 km SSE of Muzaffar?b?d, Pakistan",earthquake,,,,3,reviewed,us,us
2005-10-17T01:24:04.520Z,-18.406,-177.925,565.4,4.8,mb,121,35.8,,1.17,us,usp000e1zh,2014-11-07T01:27:25.196Z,"294 km E of Levuka, Fiji",earthquake,,10.4,,26,reviewed,us,us
2005-10-17T01:19:21.400Z,38.32,21.9,11,3.3,md,9,71.6,,,us,usp000e1zg,2014-11-07T01:27:25.195Z,"7 km NE of Áno Kastrítsi, Greece",earthquake,,,,,reviewed,ath,ath
2005-10-17T00:44:10.000Z,38.292,26.775,22.3,3,md,4,197.4,,,us,usp000e1zf,2014-11-07T01:27:25.194Z,"3 km SSE of Urla, Turkey",earthquake,,,,,reviewed,isk,isk
2005-10-17T00:31:33.900Z,38.36,21.82,3,3.1,md,6,99.4,,,us,usp000e1ze,2014-11-07T01:27:25.193Z,"3 km S of Náfpaktos, Greece",earthquake,,,,,reviewed,ath,ath
2005-10-16T23:47:48.700Z,38.33,21.82,10,3.2,md,6,97.7,,,us,usp000e1zd,2014-11-07T01:27:25.191Z,"3 km NE of Aktaío, Greece",earthquake,,,,,reviewed,ath,ath
2005-10-16T22:36:45.700Z,34.56,73.013,10,4,mb,19,200.1,,0.8,us,usp000e1zc,2014-11-07T01:27:25.189Z,"13 km S of Battagram, Pakistan",earthquake,,,,3,reviewed,us,us
2005-10-16T22:35:52.080Z,1.315,97.121,30,4.8,mb,19,186.6,,0.71,us,usp000e1zb,2014-11-07T01:27:25.187Z,"130 km SW of Singkil, Indonesia",earthquake,,,,7,reviewed,us,us
2005-10-16T22:20:56.900Z,17.556,-61.657,29,3.2,md,6,263.3,,,us,usp000e1za,2014-11-07T01:27:25.185Z,"20 km ESE of Codrington, Antigua and Barbuda",earthquake,,,,,reviewed,trn,trn
2005-10-16T22:05:32.710Z,34.648,73.201,10,4.3,mb,57,97.2,,1.15,us,usp000e1z9,2014-11-07T01:27:25.180Z,"16 km ESE of Battagram, Pakistan",earthquake,,,,19,reviewed,us,us
2005-10-16T21:11:35.010Z,32.4545,-118.1633333,9.778,4.99,ml,20,244,0.6157,0.38,ci,ci10147909,2020-06-27T05:37:10.324Z,"44km SSE of San Clemente Is. (SE tip), CA",earthquake,1.44,31.61,0.111,386,reviewed,ci,ci
2005-10-16T21:09:44.570Z,34.265,73.576,10,3.7,mb,12,203.7,,1.33,us,usp000e1z7,2014-11-07T01:27:25.163Z,"15 km SE of Muzaffar?b?d, Pakistan",earthquake,,,,3,reviewed,us,us
2005-10-16T20:59:22.730Z,5.104,94.589,30,4.2,mb,15,194.8,,0.79,us,usp000e1z6,2014-11-07T01:27:25.161Z,"95 km WSW of Banda Aceh, Indonesia",earthquake,,,,4,reviewed,us,us
2005-10-16T20:56:04.450Z,39.508,77.191,30,3.9,mb,16,131,,1.04,us,usp000e1z5,2014-11-07T01:27:25.158Z,"103 km E of Kashgar, China",earthquake,,35,,1,reviewed,us,us
2005-10-16T20:45:00.400Z,38.35,21.81,25,3.1,md,5,103.6,,,us,usp000e1z4,2014-11-07T01:27:25.157Z,"4 km ENE of Antirrio, Greece",earthquake,,,,,reviewed,ath,ath
2005-10-16T20:43:05.370Z,0.087,97.809,30,4.3,mb,9,208.9,,0.95,us,usp000e1z3,2014-11-07T01:27:25.156Z,"Nias region, Indonesia",earthquake,,,,1,reviewed,us,us
2005-10-16T20:33:55.500Z,-37.25,176.81,206,4.1,m,13,273.4,,,us,usp000e1z2,2014-11-07T01:27:25.153Z,"65 km NNE of Maketu, New Zealand",earthquake,,,,,reviewed,wel,wel
2005-10-16T20:15:31.870Z,-19.979,-68.773,107.6,4.2,mb,11,155.9,,1.38,us,usp000e1z1,2014-11-07T01:27:25.151Z,"146 km E of Iquique, Chile",earthquake,,11.9,,2,reviewed,us,us
2005-10-16T19:59:27.580Z,41.219,-6.161,20.3,2.9,ml,34,62.6,,,us,usp000e1z0,2014-11-07T01:27:25.143Z,"1 km SW of Carbellino, Spain",earthquake,,,,,reviewed,mdd,ldg
2005-10-16T19:52:06.340Z,-1.35,127.717,35,4.6,mb,15,176.1,,0.87,us,usp000e1yz,2014-11-07T01:27:25.140Z,"231 km S of Sofifi, Indonesia",earthquake,,0,,8,reviewed,us,us
2005-10-16T19:03:24.420Z,2.026,97.941,38,5.7,mwb,354,37.2,,0.77,us,usp000e1yy,2022-05-02T18:04:21.383Z,"33 km SSE of Singkil, Indonesia",earthquake,,,,,reviewed,us,us
2005-10-16T18:31:42.610Z,-24.141,-66.723,184.6,4.5,mb,31,45.6,,0.94,us,usp000e1yx,2014-11-07T01:27:25.093Z,"41 km WNW of San Antonio de los Cobres, Argentina",earthquake,,5,,6,reviewed,us,us
2005-10-16T18:30:50.900Z,-33.695,-70.604,20,2.9,ml,12,104,,,us,usp000e1yw,2014-11-07T01:27:25.091Z,"9 km SSW of Puente Alto, Chile",earthquake,,,,,reviewed,guc,guc
2005-10-16T18:04:16.890Z,43.761,-105.137,0,3.3,ml,25,165.1,,0.32,rusms,rusms00003999,2022-06-09T21:12:45.187Z,"28 km E of Wright, Wyoming",explosion,,,,,reviewed,us,us
2005-10-16T17:42:51.310Z,47.733,153.298,67,4.7,mb,20,138.2,,0.76,us,usp000e1yv,2014-11-07T01:27:25.090Z,"Kuril Islands",earthquake,,18.5,,6,reviewed,us,us
2005-10-16T16:58:48.150Z,-23.947,-177.697,20,4.1,mb,9,153.7,,1.31,us,usp000e1yu,2014-11-07T01:27:25.088Z,"south of the Fiji Islands",earthquake,,0,,1,reviewed,us,us
2005-10-16T16:56:32.700Z,39.556,74.341,30.6,4.2,mb,11,178.5,,1.1,us,usp000e1yt,2014-11-07T01:27:25.087Z,"142 km W of Kashgar, China",earthquake,,42.7,,1,reviewed,us,us
2005-10-16T16:32:44.720Z,-5.779,146.177,73.8,3.7,mb,9,141.7,,0.9,us,usp000e1ys,2014-11-07T01:27:25.085Z,"66 km NNE of Kainantu, Papua New Guinea",earthquake,,25.3,,1,reviewed,us,us
2005-10-16T16:28:43.460Z,-20.267,-68.939,112.8,3.5,mb,9,187.6,,1.06,us,usp000e1yr,2014-11-07T01:27:25.084Z,"126 km E of Iquique, Chile",earthquake,,12.4,,1,reviewed,us,us
2005-10-16T16:26:49.420Z,52.43,-169.412,54.5,2.5,ml,4,341.9,,,us,usp000e1yq,2019-02-13T03:34:27.989Z,"Fox Islands, Aleutian Islands, Alaska",earthquake,,,,,reviewed,aeic,aeic
2005-10-16T15:53:54.760Z,4.104,62.777,10,4.6,mb,10,147.1,,1.52,us,usp000e1yp,2014-11-07T01:27:25.081Z,"Carlsberg Ridge",earthquake,,,,1,reviewed,us,us
2005-10-16T15:38:12.578Z,51.1868,-178.4434,23,2.5,ml,,,,0.27,ak,ak005da7gyyx,2019-02-13T03:34:21.271Z,"146 km WSW of Adak, Alaska",earthquake,,32,,,reviewed,ak,ak
2005-10-16T15:19:43.420Z,-6.11,155,234.6,4.3,mb,20,94.6,,0.89,us,usp000e1yn,2014-11-07T01:27:25.079Z,"58 km WNW of Panguna, Papua New Guinea",earthquake,,19.5,,7,reviewed,us,us
2005-10-16T15:13:00.200Z,38.38,21.75,22,3,md,4,140.6,,,us,usp000e1ym,2014-11-07T01:27:25.078Z,"5 km NNW of Antirrio, Greece",earthquake,,,,,reviewed,ath,ath
2005-10-16T15:06:27.700Z,-33.447,-71.293,47.4,3.3,md,12,123.6,,,us,usp000e1yk,2014-11-07T01:27:25.076Z,"27 km NNW of Melipilla, Chile",earthquake,,,,,reviewed,guc,guc
2005-10-16T15:05:23.214Z,50.9217,-178.5485,44.9,2.5,ml,,,,0.25,ak,ak005da79x5t,2019-02-13T03:34:27.638Z,"170 km SW of Adak, Alaska",earthquake,,63.4,,,reviewed,ak,ak
2005-10-16T15:01:53.770Z,4.136,62.755,10,4.7,mb,13,107.9,,1.4,us,usp000e1yj,2014-11-07T01:27:25.074Z,"Carlsberg Ridge",earthquake,,,,1,reviewed,us,us
2005-10-16T14:44:28.590Z,51.388,-178.52,49.5,5,mwc,279,62.5,,0.74,us,usp000e1yh,2022-05-02T18:04:20.190Z,"141 km WSW of Adak, Alaska",earthquake,,3.2,,,reviewed,us,hrv
2005-10-16T14:35:09.300Z,19.326,-99.172,16.6,3.2,md,5,92.4,,,us,usp000e1yg,2014-11-07T01:27:25.049Z,"2 km SSW of Coyoacán, Mexico",earthquake,,,,,reviewed,unm,unm
2005-10-16T14:12:36.200Z,19.283,-99.206,13,3.6,md,8,176.5,,,us,usp000e1yf,2014-11-07T01:27:25.047Z,"4 km WSW of Tlalpan, Mexico",earthquake,,,,,reviewed,unm,unm
2005-10-16T13:45:43.330Z,-9.179,152.7,25,4.3,mb,8,234.2,,1.29,us,usp000e1ye,2014-11-07T01:27:25.045Z,"273 km NE of Samarai, Papua New Guinea",earthquake,,0,,1,reviewed,us,us
2005-10-16T12:21:10.950Z,35.153,-5.146,0,3.2,m,7,310.2,,,us,usp000e1yd,2014-11-07T01:27:25.042Z,"10 km E of Chefchaouene, Morocco",earthquake,,,,,reviewed,mdd,mdd
2005-10-16T12:15:41.600Z,38.29,21.91,28,3.1,md,4,169.7,,,us,usp000e1yc,2014-11-07T01:27:25.041Z,"6 km ENE of Áno Kastrítsi, Greece",earthquake,,,,,reviewed,ath,ath
2005-10-16T11:43:24.700Z,36.21,22.31,10,2.8,md,4,259.5,,,us,usp000e1yb,2014-11-07T01:27:25.040Z,"61 km W of Kýthira, Greece",earthquake,,,,,reviewed,ath,ath
2005-10-16T11:24:51.020Z,19.442,-65.586,30,3.3,md,6,312.4,,,us,usp000e1ya,2014-11-07T01:27:25.038Z,"115 km NNE of Suárez, Puerto Rico",earthquake,,,,,reviewed,rspr,rspr
2005-10-16T11:14:19.110Z,44.295,26.696,6.7,3.1,md,7,233,,,us,usp000e1y9,2014-11-07T01:27:25.037Z,"8 km WSW of Fr?sinet, Romania",earthquake,,,,,reviewed,irsa,irsa
2005-10-16T10:07:38.600Z,37.93,22.17,38,3.2,md,4,239.7,,,us,usp000e1y7,2014-11-07T01:27:25.034Z,"12 km SSE of Kalávryta, Greece",earthquake,,,,,reviewed,ath,ath
2005-10-16T09:59:29.710Z,10.562,92.297,26.4,4.7,mb,63,64,,0.94,us,usp000e1y6,2014-11-07T01:27:25.025Z,"131 km SSW of Port Blair, India",earthquake,,,,21,reviewed,us,us
2005-10-16T09:59:07.600Z,38.11,22.82,29,2.9,md,5,161.5,,,us,usp000e1y5,2014-11-07T01:27:25.023Z,"Greece",earthquake,,,,,reviewed,ath,ath
2005-10-16T09:39:06.879Z,57.3049,-153.6722,52.7,2.6,ml,,,,0.33,ak,ak005da3wkm7,2019-02-13T03:34:18.425Z,"24 km WNW of Old Harbor, Alaska",earthquake,,49,,,reviewed,ak,ak
2005-10-16T09:16:17.000Z,38.31,21.91,15,3.5,md,7,107,,,us,usp000e1y3,2014-11-07T01:27:25.020Z,"7 km ENE of Áno Kastrítsi, Greece",earthquake,,,,,reviewed,ath,ath
2005-10-16T08:17:05.120Z,34.218,73.408,10,3.5,mb,18,201.1,,1.43,us,usp000e1y2,2014-11-07T01:27:25.018Z,"17 km SSW of Muzaffar?b?d, Pakistan",earthquake,,,,6,reviewed,us,us
2005-10-16T07:21:15.570Z,51.351,-176.584,15.6,3.1,ml,9,256.4,,,us,usp000e1y1,2019-02-13T03:34:18.011Z,"58 km S of Adak, Alaska",earthquake,,,,,reviewed,aeic,aeic
2005-10-16T07:18:59.480Z,7.66,92.772,30,4.8,mb,47,58.4,,0.99,us,usp000e1y0,2014-11-07T01:27:25.011Z,"Nicobar Islands, India region",earthquake,,,,20,reviewed,us,us
2005-10-16T07:05:41.610Z,36.014,139.773,40.3,5,mwc,221,40.8,,0.68,us,usp000e1xz,2022-07-14T14:10:10.804Z,"4 km NNE of Kasukabe, Japan",earthquake,,,,,reviewed,us,hrv
2005-10-16T07:01:15.970Z,41.64,22.671,7.4,3.5,md,23,58.9,,,us,usp000e1xy,2014-11-07T01:27:24.987Z,"11 km ENE of Podareš, North Macedonia",earthquake,,,,,reviewed,the,ath
2005-10-16T06:58:55.700Z,38.13,21.75,29,3.1,md,5,111.1,,,us,usp000e1xx,2014-11-07T01:27:24.986Z,"3 km NW of Chalandrítsa, Greece",earthquake,,,,,reviewed,ath,ath
2005-10-16T06:49:02.600Z,44.607,6.702,3,2.8,ml,38,112.7,,,us,usp000e1xw,2014-11-07T01:27:24.978Z,"7 km SE of Guillestre, France",earthquake,,,,,reviewed,ldg,ldg
2005-10-16T06:39:13.600Z,51.333,-176.688,20,3.4,ml,14,239,,,us,usp000e1xv,2019-02-13T03:34:17.280Z,"60 km S of Adak, Alaska",earthquake,,,,,reviewed,aeic,aeic
2005-10-16T06:33:40.770Z,34.588,73.445,10,3.5,mb,27,96.9,,1.18,us,usp000e1xu,2014-11-07T01:27:24.956Z,"24 km N of Muzaffar?b?d, Pakistan",earthquake,,,,4,reviewed,us,us
2005-10-16T06:28:16.430Z,26.484,129.574,2.6,4.3,mwr,26,89.7,,0.88,us,usp000e1xt,2014-11-07T01:27:24.949Z,"158 km E of Nago, Japan",earthquake,,24.5,,,reviewed,us,nied
2005-10-16T05:06:53.690Z,40.2313333,-124.1895,8.094,2.62,md,15,209,0.1928,0.09,nc,nc21489655,2017-01-12T21:43:10.691Z,"24 km NNW of Shelter Cove, California",earthquake,0.66,0.85,0.11,11,reviewed,nc,nc
2005-10-16T05:04:52.000Z,37.34,20.44,35,3.6,md,4,299.9,,,us,usp000e1xq,2014-11-07T01:27:24.910Z,"54 km SW of Lithakiá, Greece",earthquake,,,,,reviewed,ath,ath
2005-10-16T04:21:59.980Z,19.056,-67.83,25.1,3.2,md,6,326.9,,,us,usp000e1xp,2014-11-07T01:27:24.907Z,"80 km NE of Punta Cana, Dominican Republic",earthquake,,,,,reviewed,rspr,rspr
2005-10-16T04:14:24.220Z,15.361,167.29,10,5.1,mb,76,51.1,,0.74,us,usp000e1xn,2014-11-07T01:27:24.868Z,"Marshall Islands region",earthquake,,,,31,reviewed,us,us
2005-10-16T03:42:03.290Z,-23.8,-175.929,10,5.3,mwc,94,55.8,,0.87,us,usp000e1xm,2025-12-19T23:23:18.794Z,"291 km SSW of ‘Ohonua, Tonga",earthquake,,,,,reviewed,us,hrv
2005-10-16T03:20:23.200Z,38.22,26.33,22,3.1,md,4,144.2,,,us,usp000e1xk,2014-11-07T01:27:24.825Z,"7 km SSW of Alaçat?, Turkey",earthquake,,,,,reviewed,ath,ath
2005-10-16T03:15:29.780Z,34.497,72.969,10,4.1,mb,11,200.1,,1.24,us,usp000e1xj,2014-11-07T01:27:24.806Z,"20 km S of Shingli Bala, Pakistan",earthquake,,,,1,reviewed,us,us
2005-10-16T02:46:49.500Z,-24.451,-69.204,102.3,3.7,md,5,177.8,,,us,usp000e1xh,2014-11-07T01:27:24.804Z,"150 km SE of Antofagasta, Chile",earthquake,,,,,reviewed,guc,guc
2005-10-16T02:29:15.180Z,-6.19,146.732,44.9,4,mb,9,163,,0.61,us,usp000e1xg,2014-11-07T01:27:24.801Z,"65 km NNW of Lae, Papua New Guinea",earthquake,,22.6,,3,reviewed,us,us
2005-10-16T02:04:35.250Z,-20.458,-178.302,539.4,4.2,mb,18,118.9,,0.39,us,usp000e1xf,2014-11-07T01:27:24.798Z,"Fiji region",earthquake,,21.5,,5,reviewed,us,us
2005-10-16T01:52:26.800Z,17.296,-100.956,9.9,4.2,md,18,190.7,,,us,usp000e1xe,2014-11-07T01:27:24.760Z,"7 km WNW of San Luis de La Loma, Mexico",earthquake,,,,,reviewed,unm,unm
2005-10-16T01:43:44.450Z,-28.287,-175.819,30,4.9,mwc,35,56.5,,1.08,us,usp000e1xd,2016-11-10T01:12:59.021Z,"Kermadec Islands region",earthquake,,,,,reviewed,us,hrv
2005-10-16T01:06:33.560Z,34.219,22.621,10,3.4,md,8,283.8,,0.68,us,usp000e1xc,2014-11-07T01:27:24.721Z,"148 km SW of Palaióchora, Greece",earthquake,,,,,reviewed,us,ath
2005-10-16T00:06:49.110Z,-19.622,-175.331,84,4.2,mb,23,119,,1.05,us,usp000e1xb,2014-11-07T01:27:24.700Z,"104 km WNW of Pangai, Tonga",earthquake,,15.2,,6,reviewed,us,us
2005-10-15T23:17:42.800Z,42.8,-7.163,11.3,2.5,mblg,9,84.1,,,us,usp000e1xa,2014-11-07T01:27:24.610Z,"6 km S of Becerreá, Spain",earthquake,,,,,reviewed,mdd,mdd
2005-10-15T23:17:32.900Z,-29.048,-72.374,30,3.3,ml,4,244.1,,,us,usp000e1x9,2014-11-07T01:27:24.603Z,"141 km NW of Coquimbo, Chile",earthquake,,,,,reviewed,guc,guc
2005-10-15T23:16:32.930Z,12.889,93.177,12.2,4,mb,28,180.6,,0.72,us,usp000e1x8,2014-11-07T01:27:24.592Z,"140 km NNE of Bamboo Flat, India",earthquake,,22.8,,7,reviewed,us,us
2005-10-15T22:48:35.380Z,34.731,73.087,10,3.1,mb,11,198.5,,0.76,us,usp000e1x7,2014-11-07T01:27:24.590Z,"8 km NE of Battagram, Pakistan",earthquake,,,,1,reviewed,us,us
2005-10-15T22:20:37.390Z,46.5768333,-122.7768333,23.624,2.5,md,52,41,0.1069,0.24,uw,uw10682443,2016-07-22T21:58:57.460Z,"4 km W of Onalaska, Washington",earthquake,0.467,0.98,0.03,13,reviewed,uw,uw
2005-10-15T21:36:54.100Z,-32.647,-70.979,67.5,2.5,md,10,245.4,,,us,usp000e1x6,2014-11-07T01:27:24.542Z,"21 km N of Llaillay, Chile",earthquake,,,,,reviewed,guc,guc
2005-10-15T21:00:59.900Z,-34.86,-71.657,47.3,3.3,md,7,307.4,,,us,usp000e1x4,2014-11-07T01:27:24.450Z,"31 km WNW of Rauco, Chile",earthquake,,,,,reviewed,guc,guc
2005-10-15T20:55:18.100Z,38.34,21.81,24,3.1,md,5,104.1,,,us,usp000e1x3,2014-11-07T01:27:24.449Z,"4 km ENE of Antirrio, Greece",earthquake,,,,,reviewed,ath,ath
2005-10-15T20:36:12.470Z,-6.342,146.81,22.2,4.8,mb,35,80.9,,1.13,us,usp000e1x2,2014-11-07T01:27:24.445Z,"46 km NNW of Lae, Papua New Guinea",earthquake,,,,10,reviewed,us,us
2005-10-15T20:30:37.300Z,-40.94,175.02,41,3.8,ml,40,46.3,,,us,usp000e1x1,2014-11-07T01:27:24.441Z,"2 km S of Paraparaumu, New Zealand",earthquake,,,,,reviewed,wel,wel
2005-10-15T20:25:21.886Z,60.086,-152.5346,95.5,2.5,ml,,,,0.53,ak,ak005d8mu0ws,2019-02-13T03:34:05.127Z,"47 km WNW of Happy Valley, Alaska",earthquake,,0.6,,,reviewed,ak,ak
2005-10-15T19:38:55.240Z,47.215,152.86,70.9,3.9,mb,12,170.4,,1.01,us,usp000e1x0,2014-11-07T01:27:24.439Z,"Kuril Islands",earthquake,,34.9,,2,reviewed,us,us
2005-10-15T19:38:09.700Z,38.61,23.36,25,2.6,ml,5,153.2,,,us,usp000e1wz,2014-11-07T01:27:24.438Z,"11 km E of Malesína, Greece",earthquake,,,,,reviewed,ath,ath
2005-10-15T18:57:48.500Z,-30.861,-71.343,57.1,3.2,md,4,223.7,,,us,usp000e1wy,2014-11-07T01:27:24.437Z,"31 km SSW of Ovalle, Chile",earthquake,,,,,reviewed,guc,guc
2005-10-15T18:48:10.000Z,53.363,-167.185,12.7,2.9,ml,12,202.7,,,us,usp000e1wx,2019-02-13T03:34:04.305Z,"71 km SW of Unalaska, Alaska",earthquake,,,,,reviewed,aeic,aeic
2005-10-15T18:44:21.400Z,38.65,23.44,21,3.5,ml,22,86.2,,,us,usp000e1ww,2014-11-07T01:27:24.432Z,"10 km SSW of Prokópi, Greece",earthquake,,,,,reviewed,ath,ath
2005-10-15T18:06:29.560Z,43.791,-105.141,0,3.5,ml,35,97.7,,0.66,rusms,rusms00003998,2022-06-09T21:12:45.174Z,"28 km E of Wright, Wyoming",explosion,,,,,reviewed,us,us
2005-10-15T17:37:00.070Z,34.672,73.881,46.1,3.4,mb,14,197,,0.73,us,usp000e1wv,2014-11-07T01:27:24.430Z,"50 km NE of Muzaffar?b?d, Pakistan",earthquake,,24.8,,1,reviewed,us,us
2005-10-15T17:00:13.770Z,-31.994,-66.881,42.3,4,mb,13,83.8,,0.73,us,usp000e1wu,2014-11-07T01:27:24.428Z,"84 km NNW of Villa General Roca, Argentina",earthquake,,8,,1,reviewed,us,us
2005-10-15T16:45:03.700Z,-33.013,-70.995,65.6,2.6,md,11,115.6,,,us,usp000e1wt,2014-11-07T01:27:24.426Z,"19 km S of Llaillay, Chile",earthquake,,,,,reviewed,guc,guc
2005-10-15T16:16:59.260Z,46.1953333,-122.1931667,-1.154,2.5,md,14,108,,0.1,uw,uw10682278,2016-07-22T21:58:53.900Z,"37 km NNE of Amboy, Washington",earthquake,0.333,0.31,0.04,4,reviewed,uw,uw
2005-10-15T16:12:30.100Z,42.21,21.99,0,2.5,ml,4,273.7,,,us,usp000e1ws,2014-11-07T01:27:24.424Z,"11 km WNW of ????????, North Macedonia",earthquake,,,,,reviewed,sko,sko
2005-10-15T15:51:08.130Z,25.309,123.351,192,6.4,mwb,774,22.4,,0.88,us,usp000e1wr,2022-07-14T14:12:02.134Z,"99 km NNE of Yonakuni, Japan",earthquake,,,,,reviewed,us,us
2005-10-15T15:11:14.010Z,36.724,-9.709,0,2.5,mblg,10,287.3,,,us,usp000e1wq,2014-11-07T01:27:24.342Z,"75 km WSW of Sagres, Portugal",earthquake,,,,,reviewed,mdd,mdd
2005-10-15T15:11:02.720Z,17.72,-68.388,50.6,3.3,md,4,340.2,,,us,usp000e1wp,2014-11-07T01:27:24.341Z,"76 km SSE of Boca de Yuma, Dominican Republic",earthquake,,,,,reviewed,rspr,rspr
2005-10-15T14:29:41.160Z,24.3,123.482,55.4,4.2,mwr,25,103.2,,0.79,us,usp000e1wn,2014-11-07T01:27:24.338Z,"52 km ESE of Yonakuni, Japan",earthquake,,6.8,,,reviewed,us,nied
2005-10-15T14:04:07.780Z,34.509,73.607,10,3.7,mb,16,187.3,,1,us,usp000e1wm,2014-11-07T01:27:24.336Z,"19 km NE of Muzaffar?b?d, Pakistan",earthquake,,,,5,reviewed,us,us
2005-10-15T13:39:23.500Z,-38.65,175.84,141,3.9,m,52,110.9,,,us,usp000e1wk,2014-11-07T01:27:24.331Z,"21 km W of Taupo, New Zealand",earthquake,,,,,reviewed,wel,wel
2005-10-15T12:40:39.109Z,51.8757,178.4862,0.3,2.5,ml,,,,0.53,ak,ak005d8i5t52,2019-02-13T03:34:12.319Z,"Rat Islands, Aleutian Islands, Alaska",earthquake,,17.2,,,reviewed,ak,ak
2005-10-15T12:38:47.420Z,54.756,-161.074,1.8,3.3,ml,15,214.4,,,us,usp000e1wj,2019-02-13T03:34:03.128Z,"74 km SSW of Sand Point, Alaska",earthquake,,,,,reviewed,aeic,aeic
2005-10-15T12:05:34.000Z,34.23,26.48,14,4.1,mb,27,207.1,,,us,usp000e1wh,2014-11-07T01:27:24.326Z,"109 km S of Palekastro, Greece",earthquake,,,,2,reviewed,ath,us
2005-10-15T11:26:08.270Z,4.704,94.832,30,4.4,mb,10,188.2,,0.8,us,usp000e1wg,2014-11-07T01:27:24.325Z,"108 km SSW of Banda Aceh, Indonesia",earthquake,,,,2,reviewed,us,us
2005-10-15T10:38:57.565Z,62.4244,-151.5622,87.8,2.8,ml,,,,0.7,ak,ak005d8gyjx8,2019-02-13T03:34:02.324Z,"41 km WSW of Petersville, Alaska",earthquake,,0.2,,,reviewed,ak,ak
2005-10-15T10:06:17.010Z,46.816,154.113,42.8,6.1,mwc,604,20.1,,0.82,us,usp000e1we,2022-05-02T18:04:17.835Z,"east of the Kuril Islands",earthquake,,,,,reviewed,us,hrv
2005-10-15T09:37:34.340Z,45.629,26.511,142.2,3.3,md,5,141.4,,,us,usp000e1wd,2014-11-07T01:27:24.253Z,"16 km WSW of Nereju Mic, Romania",earthquake,,,,,reviewed,buc,irsa
2005-10-15T09:20:58.316Z,59.4615,-151.762,43.8,2.5,ml,,,,0.68,ak,ak005d8g99hj,2019-02-13T03:34:01.909Z,"3 km NW of Seldovia, Alaska",earthquake,,0.5,,,reviewed,ak,ak
2005-10-15T09:06:35.930Z,-27.024,-178.061,188.6,4.6,mb,22,68.5,,0.67,us,usp000e1wb,2014-11-07T01:27:24.246Z,"Kermadec Islands region",earthquake,,8,,6,reviewed,us,us
2005-10-15T08:38:54.000Z,37.011,28.036,5,3.3,md,4,228.3,,,us,usp000e1wa,2014-11-07T01:27:24.245Z,"27 km NW of Marmaris, Turkey",earthquake,,,,,reviewed,isk,ath
2005-10-15T08:28:44.990Z,-17.876,167.997,57.3,4.4,mb,17,115.2,,1.42,us,usp000e1w9,2014-11-07T01:27:24.242Z,"36 km WSW of Port-Vila, Vanuatu",earthquake,,17.8,,4,reviewed,us,us
2005-10-15T08:25:10.810Z,43.835,147.7,69.7,4.7,mb,75,169.9,,0.66,us,usp000e1w8,2014-11-07T01:27:24.236Z,"78 km E of Shikotan, Russia",earthquake,,7.5,,29,reviewed,us,us
2005-10-15T08:19:48.600Z,-21.804,-68.493,127.3,4.1,mb,20,101.9,,,us,usp000e1w7,2014-11-07T01:27:24.234Z,"84 km NNE of Calama, Chile",earthquake,,,,1,reviewed,guc,us
2005-10-15T07:58:39.830Z,19.543,-67.734,14.8,3.6,md,7,325.9,,,us,usp000e1w6,2014-11-07T01:27:24.233Z,"127 km NNE of Punta Cana, Dominican Republic",earthquake,,,,,reviewed,rspr,rspr
2005-10-15T07:44:04.050Z,0.757,97.395,30,4.6,mb,27,180.4,,0.86,us,usp000e1w5,2014-11-07T01:27:24.230Z,"174 km SSW of Singkil, Indonesia",earthquake,,,,8,reviewed,us,us
2005-10-15T07:10:51.600Z,44.634,6.722,2,3.1,ml,43,75.3,,,us,usp000e1w4,2014-11-07T01:27:24.223Z,"6 km ESE of Guillestre, France",earthquake,,,,,reviewed,ldg,ldg
2005-10-15T07:09:00.900Z,-39.71,174.05,199,4.1,m,50,116.1,,,us,usp000e1w3,2014-11-07T01:27:24.219Z,"23 km WSW of Hawera, New Zealand",earthquake,,,,,reviewed,wel,wel
2005-10-15T06:59:01.000Z,42.931,13.093,16.6,2.7,ml,19,110.8,,,us,usp000e1w2,2014-11-07T01:27:24.216Z,"1 km ESE of Visso, Italy",earthquake,,,,,reviewed,rom,rom
2005-10-15T06:52:13.970Z,34.026,73.871,10,4.5,mb,79,57.9,,0.74,us,usp000e1w1,2014-11-07T01:27:24.210Z,"17 km WSW of Uri, India",earthquake,,,,22,reviewed,us,us
2005-10-15T06:47:19.840Z,-21.629,-177.878,332.6,4.3,mb,22,132.1,,1.03,us,usp000e1w0,2014-11-07T01:27:24.207Z,"281 km W of Haveluloto, Tonga",earthquake,,11.9,,5,reviewed,us,us
2005-10-15T06:38:45.800Z,41.586,20.342,10,2.6,md,13,151.3,,1.05,us,usp000e1vz,2014-11-07T01:27:24.205Z,"13 km SSW of Peshkopi, Albania",earthquake,,,,,reviewed,us,pdg
2005-10-15T06:37:20.020Z,54.825,-159.947,15.1,3.5,ml,16,207.2,,,us,usp000e1vy,2019-02-13T03:33:59.820Z,"66 km SSE of Sand Point, Alaska",earthquake,,,,,reviewed,aeic,aeic
2005-10-15T05:10:11.730Z,34.321,73.785,10,3.9,mb,12,200.7,,0.62,us,usp000e1vx,2014-11-07T01:27:24.201Z,"29 km E of Muzaffar?b?d, Pakistan",earthquake,,,,4,reviewed,us,us
2005-10-15T05:09:38.400Z,-31.303,-71.683,29,3.8,ml,12,200.2,,,us,usp000e1vw,2014-11-07T01:27:24.199Z,"61 km NW of Illapel, Chile",earthquake,,,,,reviewed,guc,guc
2005-10-15T05:01:06.150Z,-27.47,-13.349,10,4.6,mb,22,58.7,,0.92,us,usp000e1vv,2014-11-07T01:27:24.197Z,"southern Mid-Atlantic Ridge",earthquake,,,,6,reviewed,us,us
2005-10-15T04:57:45.830Z,51.752,-176.042,64.2,3.1,ml,10,203.5,,,us,usp000e1vu,2019-02-13T03:33:58.624Z,"43 km ESE of Adak, Alaska",earthquake,,,,,reviewed,aeic,aeic
2005-10-15T04:43:01.720Z,34.29,73.883,10,4.2,mb,12,200.7,,0.49,us,usp000e1vt,2014-11-07T01:27:24.193Z,"27 km NNW of Uri, India",earthquake,,,,3,reviewed,us,us
2005-10-15T04:32:21.040Z,33.954,73.93,10,5,mb,172,59,,0.84,us,usp000e1vs,2022-05-02T18:04:16.506Z,"17 km SW of Uri, India",earthquake,,,,88,reviewed,us,us
2005-10-15T04:29:54.570Z,51.297,16.07,5,2.5,ml,11,225.5,,1.07,us,usp000e1vr,2014-11-07T01:27:24.177Z,"4 km N of Mi?kowice, Poland",earthquake,,,,,reviewed,us,cll
2005-10-15T04:24:49.380Z,42.025,21.677,0.3,2.6,ml,8,214,,,us,usp000e1vq,2014-11-07T01:27:24.175Z,"5 km NNE of Miladinovci, North Macedonia",earthquake,,,,,reviewed,the,the
2005-10-15T04:24:06.250Z,34.014,74.003,10,5.2,mb,222,94.5,,0.77,us,usp000e1vp,2022-05-02T18:04:11.080Z,"8 km SSW of Uri, India",earthquake,,,,117,reviewed,us,us
2005-10-15T04:10:41.390Z,35.083,-3.764,0,3.4,m,15,275.6,,,us,usp000e1vn,2014-11-07T01:27:24.153Z,"7 km ESE of Bni Bouayach, Morocco",earthquake,,,,,reviewed,mdd,mdd
2005-10-15T04:06:18.840Z,51.504,16.062,5,3.3,ml,28,121.6,,0.66,us,usp000e1vm,2014-11-07T01:27:24.145Z,"0 km W of Polkowice, Poland",earthquake,,,,,reviewed,us,grf
2005-10-15T03:43:11.300Z,38.34,21.81,27,3.2,md,5,104.1,,,us,usp000e1vk,2014-11-07T01:27:24.144Z,"4 km ENE of Antirrio, Greece",earthquake,,,,,reviewed,ath,ath
2005-10-15T03:03:59.330Z,-6.311,131.22,1.1,4.9,mb,38,93.8,,1.14,us,usp000e1vj,2014-11-07T01:27:24.140Z,"185 km WSW of Tual, Indonesia",earthquake,,26.3,,14,reviewed,us,us
2005-10-15T02:35:42.370Z,-18.745,-69.433,115.8,3.8,mb,11,106.4,,0.74,us,usp000e1vh,2014-11-07T01:27:24.138Z,"96 km ESE of Arica, Chile",earthquake,,8.8,,2,reviewed,us,us
2005-10-15T01:43:46.400Z,44.592,5.204,4,2.5,ml,20,85.9,,,us,usp000e1vf,2014-11-07T01:27:24.134Z,"13 km ENE of Dieulefit, France",earthquake,,,,,reviewed,ldg,str
2005-10-15T01:28:33.300Z,41.33,24.6,24,3.1,md,10,192,,,us,usp000e1ve,2014-11-07T01:27:24.132Z,"24 km W of Páchni, Greece",earthquake,,,,,reviewed,ath,ath
2005-10-15T00:59:35.330Z,44.591,148.302,40.7,4.7,mb,20,135.6,,0.66,us,usp000e1vd,2014-11-07T01:27:24.129Z,"78 km SSE of Kuril’sk, Russia",earthquake,,11.8,,5,reviewed,us,us
2005-10-15T00:29:14.000Z,43.016,-0.806,2,2.5,ml,26,102,,,us,usp000e1vc,2014-11-07T01:27:24.125Z,"11 km SW of Arette, France",earthquake,,,,,reviewed,ldg,ldg
2005-10-15T00:22:07.600Z,38.54,13.3,2.4,2.6,md,5,163.1,,,us,usp000e1vb,2014-11-07T01:27:24.123Z,"21 km SSE of Ustica, Italy",earthquake,,,,,reviewed,rom,rom
2005-10-15T00:17:36.200Z,-36.47,177.38,262,4.9,m,64,224.3,,,us,usp000e1va,2014-11-07T01:27:24.118Z,"149 km ENE of Tairua, New Zealand",earthquake,,,,,reviewed,wel,wel
2005-10-15T00:13:22.180Z,-31.25,-69.06,158.1,3.6,md,11,117.1,,1.05,us,usp000e1v9,2014-11-07T01:27:24.116Z,"35 km ENE of Calingasta, Argentina",earthquake,,12.5,,,reviewed,us,guc
2005-10-15T00:08:27.590Z,-23.56,-176.001,35,4.1,mb,13,109.4,,1.25,us,usp000e1v8,2014-11-07T01:27:24.114Z,"269 km SSW of ‘Ohonua, Tonga",earthquake,,0,,3,reviewed,us,us
2005-10-15T00:08:12.020Z,34.655,73.233,10,4.1,mb,15,104.8,,0.72,us,usp000e1v7,2014-11-07T01:27:24.112Z,"19 km E of Battagram, Pakistan",earthquake,,,,1,reviewed,us,us
2005-10-14T23:41:50.000Z,-31.66,-70.44,115,3.7,md,16,98.1,,,us,usp000e1v6,2014-11-07T01:27:24.110Z,"51 km ENE of Salamanca, Chile",earthquake,,,,,reviewed,guc,guc
2005-10-14T23:23:29.150Z,34.656,73.23,10,3.3,mb,6,214.7,,0.09,us,usp000e1v5,2014-11-07T01:27:24.109Z,"19 km E of Battagram, Pakistan",earthquake,,,,1,reviewed,us,us
2005-10-14T22:44:18.160Z,52.176,-173.861,2.7,2.7,ml,7,342.6,,,us,usp000e1v4,2019-02-13T03:33:47.606Z,"23 km E of Atka, Alaska",earthquake,,,,,reviewed,aeic,aeic
2005-10-14T22:25:45.030Z,5.787,93.256,33.8,4.3,mb,16,179.4,,0.48,us,usp000e1v3,2014-11-07T01:27:24.105Z,"228 km W of Sabang, Indonesia",earthquake,,,,5,reviewed,us,us
2005-10-14T21:47:59.100Z,35.85,26.67,58,3.4,md,10,109.1,,,us,usp000e1v2,2014-11-07T01:27:24.104Z,"53 km NNW of Fry, Greece",earthquake,,,,,reviewed,ath,ath
2005-10-14T21:35:17.290Z,39.079,-119.0044,6.7,2.8,ml,24,69.23,0.207,0.1164,nn,nn00165483,2018-04-24T20:55:28.595Z,"17 km NE of Yerington, Nevada",earthquake,,4.2,,,reviewed,nn,nn
2005-10-14T21:28:17.210Z,34.354,73.535,10,3.1,mb,11,206.2,,0.8,us,usp000e1v1,2014-11-07T01:27:24.102Z,"6 km ESE of Muzaffar?b?d, Pakistan",earthquake,,,,2,reviewed,us,us
2005-10-14T21:18:55.600Z,-31.654,-71.672,10.5,2.7,ml,4,248.4,,,us,usp000e1v0,2014-11-07T01:27:24.101Z,"47 km W of Illapel, Chile",earthquake,,,,,reviewed,guc,guc
2005-10-14T21:12:49.260Z,22.891,122.963,23.8,4.5,mb,35,111.4,,0.86,us,usp000e1uz,2014-11-07T01:27:24.098Z,"174 km S of Yonakuni, Japan",earthquake,,13.9,,11,reviewed,us,us
2005-10-14T21:11:37.500Z,38.9,21.84,31,2.9,md,4,160.7,,,us,usp000e1uy,2014-11-07T01:27:24.096Z,"3 km ESE of Karpenísi, Greece",earthquake,,,,,reviewed,ath,ath
2005-10-14T20:42:42.660Z,0.887,126.409,54.6,4.4,mb,15,154.2,,1.12,us,usp000e1ux,2014-11-07T01:27:24.095Z,"109 km W of Ternate, Indonesia",earthquake,,36,,8,reviewed,us,us
2005-10-14T19:54:22.860Z,2.246,96.127,30,4.2,mb,8,219.6,,0.14,us,usp000e1uw,2014-11-07T01:27:24.093Z,"38 km SW of Sinabang, Indonesia",earthquake,,,,3,reviewed,us,us
2005-10-14T19:48:39.830Z,18.415,-67.505,8,3,md,5,304.8,,,us,usp000e1uv,2014-11-07T01:27:24.092Z,"28 km WNW of Rincón, Puerto Rico",earthquake,,,,,reviewed,rspr,rspr
2005-10-14T19:42:49.100Z,-31.721,-71.662,24.9,2.8,ml,5,227.7,,,us,usp000e1uu,2014-11-07T01:27:24.091Z,"47 km WSW of Illapel, Chile",earthquake,,,,,reviewed,guc,guc
2005-10-14T19:37:41.880Z,34.833,73.122,10,4.8,mwc,223,21.9,,0.83,us,usp000e1ut,2016-11-10T01:12:58.020Z,"19 km NNE of Battagram, Pakistan",earthquake,,,,,reviewed,us,hrv
2005-10-14T19:22:48.500Z,38.43,23.56,4,2.5,ml,4,164.3,,,us,usp000e1us,2014-11-07T01:27:24.072Z,"4 km NW of Vathí, Greece",earthquake,,,,,reviewed,ath,ath
2005-10-14T18:58:09.210Z,-18.312,-172.434,0.9,5.4,mwc,175,52.4,,0.63,us,usp000e1ur,2025-12-19T23:23:18.159Z,"167 km ENE of Neiafu, Tonga",earthquake,,18.6,,,reviewed,us,hrv
2005-10-14T18:56:50.420Z,46.195,-122.192,-1.791,2.6,md,12,69,,0.13,uw,uw10681598,2016-07-22T21:58:46.390Z,"37 km NNE of Amboy, Washington",earthquake,0.425,0.78,0.05,4,reviewed,uw,uw
2005-10-14T18:53:29.900Z,42.9,-0.83,5,2.5,ml,12,193.8,,,us,usp000e1uq,2014-11-07T01:27:24.052Z,"12 km NE of Urzainqui, Spain",earthquake,,,,,reviewed,str,ldg
2005-10-14T18:35:14.110Z,34.541,73.252,10,3.3,mb,9,115.8,,1.11,us,usp000e1up,2014-11-07T01:27:24.051Z,"11 km NNE of Baffa, Pakistan",earthquake,,,,2,reviewed,us,us
2005-10-14T18:26:12.400Z,38.34,21.83,24,3.3,md,7,97.4,,,us,usp000e1un,2014-11-07T01:27:24.049Z,"5 km NE of Aktaío, Greece",earthquake,,,,,reviewed,ath,ath
2005-10-14T18:20:51.000Z,38.3,21.81,23,3,md,6,106.2,,,us,usp000e1um,2014-11-07T01:27:24.047Z,"1 km ESE of Aktaío, Greece",earthquake,,,,,reviewed,ath,ath
2005-10-14T17:59:52.500Z,38.52,23.26,30,2.8,ml,4,156.1,,,us,usp000e1uk,2014-11-07T01:27:24.045Z,"6 km SE of Martínon, Greece",earthquake,,,,,reviewed,ath,ath
2005-10-14T17:41:20.400Z,17.532,-95.656,117.9,4.1,md,6,136.5,,,us,usp000e1uj,2014-11-07T01:27:24.043Z,"2 km SW of Tatahuicapá, Mexico",earthquake,,,,,reviewed,unm,unm
2005-10-14T17:17:41.000Z,-27.333,-69.396,105,3.2,md,4,251.7,,,us,usp000e1uh,2014-11-07T01:27:24.042Z,"92 km E of Copiapó, Chile",earthquake,,,,,reviewed,guc,guc
2005-10-14T17:13:08.960Z,-7.345,147.866,75,4.5,mb,8,163.9,,0.66,us,usp000e1ug,2014-11-07T01:27:24.040Z,"87 km S of Finschhafen, Papua New Guinea",earthquake,,,,1,reviewed,us,us
2005-10-14T16:49:43.180Z,34.764,-3.784,27.9,3.6,m,16,286.4,,,us,usp000e1uf,2014-11-07T01:27:24.035Z,"30 km SW of Midar, Morocco",earthquake,,,,,reviewed,mdd,mdd
2005-10-14T16:43:16.170Z,13.921,-91.803,65,4.2,mb,43,162.7,,0.91,us,usp000e1ue,2014-11-07T01:27:24.030Z,"42 km SSE of Champerico, Guatemala",earthquake,,7.4,,19,reviewed,us,us
2005-10-14T16:34:23.720Z,17.945,-65.667,6.3,2.9,md,6,201.4,,,us,usp000e1ud,2014-11-07T01:27:24.029Z,"22 km ESE of El Negro, Puerto Rico",earthquake,,,,,reviewed,rspr,rspr
2005-10-14T16:14:17.090Z,51.697,15.942,5,2.5,ml,8,252.3,,1.34,us,usp000e1uc,2014-11-07T01:27:24.027Z,"8 km SW of Kotla, Poland",earthquake,,,,,reviewed,us,brg
2005-10-14T15:47:37.800Z,38.61,24.57,38,3.1,md,7,119.9,,,us,usp000e1ub,2014-11-07T01:27:24.025Z,"32 km S of Skýros, Greece",earthquake,,,,,reviewed,ath,ath
2005-10-14T15:18:25.300Z,17.727,-101.441,29.3,3.9,md,5,176.2,,,us,usp000e1ua,2014-11-07T01:27:24.024Z,"10 km N of San Miguelito, Mexico",earthquake,,,,,reviewed,unm,unm
2005-10-14T15:06:18.620Z,0.365,126.311,53.9,4.4,mb,22,131.7,,0.77,us,usp000e1u9,2014-11-07T01:27:24.022Z,"128 km WSW of Ternate, Indonesia",earthquake,,21.3,,9,reviewed,us,us
2005-10-14T15:04:28.560Z,45.513,147.446,180.5,4.1,mb,19,143.1,,1.07,us,usp000e1u8,2014-11-07T01:27:24.020Z,"46 km NW of Kuril’sk, Russia",earthquake,,13.9,,3,reviewed,us,us
2005-10-14T14:54:21.220Z,38.63,69.539,10,4.6,mb,58,161.2,,1.11,us,usp000e1u7,2014-11-07T01:27:24.014Z,"17 km WSW of Obigarm, Tajikistan",earthquake,,,,24,reviewed,us,us
2005-10-14T14:46:23.000Z,34.549,73.055,10,3.1,mb,11,206.9,,0.88,us,usp000e1u6,2014-11-07T01:27:24.012Z,"14 km SSE of Battagram, Pakistan",earthquake,,,,3,reviewed,us,us
2005-10-14T14:30:12.100Z,15.971,-96.929,12.7,4.1,md,6,278.9,,,us,usp000e1u5,2014-11-07T01:27:24.010Z,"8 km N of Santa María Colotepec, Mexico",earthquake,,,,,reviewed,unm,unm
2005-10-14T13:51:14.530Z,-11.47,119.602,10,4.4,mb,6,153.8,,0.83,us,usp000e1u4,2014-11-07T01:27:24.009Z,"213 km SSW of Waingapu, Indonesia",earthquake,,,,1,reviewed,us,us
2005-10-14T13:50:03.900Z,38.35,21.82,18,3.5,md,6,98.8,,,us,usp000e1u3,2014-11-07T01:27:24.007Z,"4 km S of Náfpaktos, Greece",earthquake,,,,,reviewed,ath,ath
2005-10-14T13:39:00.630Z,51.343,-173.714,145.9,2.5,m,7,301.1,,,us,usp000e1u2,2019-02-13T03:33:53.859Z,"100 km SSE of Atka, Alaska",earthquake,,,,,reviewed,aeic,aeic
2005-10-14T13:36:42.800Z,38.35,21.83,19,3.5,md,7,98,,,us,usp000e1u1,2014-11-07T01:27:24.003Z,"4 km S of Náfpaktos, Greece",earthquake,,,,,reviewed,ath,ath
2005-10-14T13:36:27.640Z,34.562,73.597,10,4.6,mb,59,78.5,,0.72,us,usp000e1u0,2014-11-07T01:27:23.998Z,"24 km NNE of Muzaffar?b?d, Pakistan",earthquake,,,,23,reviewed,us,us
2005-10-14T13:30:23.300Z,38.38,21.81,4,3.1,md,4,139.7,,,us,usp000e1tz,2014-11-07T01:27:23.997Z,"2 km SW of Náfpaktos, Greece",earthquake,,,,,reviewed,ath,ath
2005-10-14T13:21:29.400Z,-34.34,-72.376,33.1,3.1,ml,7,294,,,us,usp000e1ty,2014-11-07T01:27:23.996Z,"98 km WNW of Santa Cruz, Chile",earthquake,,,,,reviewed,guc,guc
2005-10-14T13:17:33.700Z,14.868,-93.128,35,4.6,md,26,123.8,,,us,usp000e1tx,2014-11-07T01:27:23.991Z,"57 km SW of El Arenal, Mexico",earthquake,,,,,reviewed,unm,unm
2005-10-14T12:57:36.000Z,38.162,16.234,12.5,2.5,ml,4,215.8,,,us,usp000e1tw,2014-11-07T01:27:23.989Z,"3 km E of Ardore Marina, Italy",earthquake,,,,,reviewed,rom,rom
2005-10-14T12:42:24.630Z,-21.346,-178.68,500,3.9,mb,14,141.4,,1.25,us,usp000e1tv,2014-11-07T01:27:23.987Z,"Fiji region",earthquake,,,,3,reviewed,us,us
2005-10-14T12:41:16.100Z,38.34,21.83,25,3.2,md,5,132.8,,,us,usp000e1tu,2014-11-07T01:27:23.943Z,"5 km NE of Aktaío, Greece",earthquake,,,,,reviewed,ath,ath
2005-10-14T12:28:03.000Z,45.95,-1.36,5,2.9,ml,24,150.5,,,us,usp000e1tt,2014-11-07T01:27:23.876Z,"4 km W of Saint-Pierre-d'Oléron, France",earthquake,,,,,reviewed,str,ldg
2005-10-14T11:50:16.300Z,-37.88,177.06,130,4.1,m,46,60.1,,,us,usp000e1ts,2014-11-07T01:27:23.765Z,"10 km NE of Whakatane, New Zealand",earthquake,,,,,reviewed,wel,wel
2005-10-14T10:38:14.680Z,51.495,93.399,10,3.7,mb,20,100.3,,0.97,us,usp000e1tr,2014-11-07T01:27:23.757Z,"32 km E of Shagonar, Russia",earthquake,,,,3,reviewed,us,us
2005-10-14T10:18:49.700Z,34.812,73.081,10,3.9,mb,25,162.8,,0.97,us,usp000e1tq,2014-11-07T01:27:23.624Z,"15 km NNE of Battagram, Pakistan",earthquake,,,,6,reviewed,us,us
2005-10-14T10:15:17.100Z,35.76,23.91,13,3.7,ml,12,135.5,,,us,usp000e1tp,2014-11-07T01:27:23.564Z,"26 km N of Agía Marína, Greece",earthquake,,,,,reviewed,ath,ath
2005-10-14T10:02:08.200Z,16.514,-98.411,15,3.7,md,7,170.6,,,us,usp000e1tn,2014-11-07T01:27:23.514Z,"4 km N of Cuajinicuilapa, Mexico",earthquake,,,,,reviewed,unm,unm
2005-10-14T09:45:35.380Z,-31.265,-179.901,314.5,4.3,mb,31,135.8,,1.22,us,usp000e1tm,2014-11-07T01:27:23.457Z,"Kermadec Islands region",earthquake,,8.3,,3,reviewed,us,us
2005-10-14T09:22:29.450Z,-26.712,-177.755,183.4,4.7,mb,95,38.1,,0.68,us,usp000e1tk,2014-11-07T01:27:23.426Z,"south of the Fiji Islands",earthquake,,,,34,reviewed,us,us
2005-10-14T08:53:03.260Z,-8.736,127.166,200,4.1,mb,6,164.9,,0.46,us,usp000e1th,2014-11-07T01:27:23.423Z,"30 km SE of Lospalos, Timor Leste",earthquake,,,,3,reviewed,us,us
2005-10-14T08:47:13.120Z,58.2403,-156.0035,146.6,3.1,ml,,,,0.44,ak,ak005d6sa68g,2019-02-13T03:33:43.715Z,"62 km SE of King Salmon, Alaska",earthquake,,3.4,,,reviewed,ak,ak
2005-10-14T08:36:27.100Z,36.93,27.87,28,3.6,md,9,107.1,,,us,usp000e1tf,2014-11-07T01:27:23.417Z,"27 km NE of Datça, Turkey",earthquake,,,,,reviewed,ath,ath
2005-10-14T08:27:36.140Z,-34.659,179.434,204.1,5.7,mwb,116,63.9,,1.23,us,usp000e1te,2022-05-02T18:04:09.883Z,"south of the Kermadec Islands",earthquake,,,,,reviewed,us,us
2005-10-14T08:12:38.200Z,4.47,94.869,30,4.3,mb,12,195.2,,0.55,us,usp000e1td,2014-11-07T01:27:23.390Z,"129 km SSW of Banda Aceh, Indonesia",earthquake,,,,3,reviewed,us,us
2005-10-14T07:41:46.584Z,60.9477,-147.3533,14.9,2.6,ml,,,,0.5,ak,ak005d6rniwy,2019-02-13T03:33:42.797Z,"37 km WNW of Tatitlek, Alaska",earthquake,,5.9,,,reviewed,ak,ak
2005-10-14T07:29:28.090Z,49.744,18.523,5,2.6,m,6,192.2,,0.71,us,usp000e1tb,2014-11-07T01:27:23.384Z,"3 km ESE of Horní T?rlicko, Czechia",earthquake,,,,,reviewed,us,war
2005-10-14T07:16:07.000Z,38.45,23.58,28,2.9,ml,4,168.6,,,us,usp000e1ta,2014-11-07T01:27:23.383Z,"2 km SW of Chalkída, Greece",earthquake,,,,,reviewed,ath,ath
2005-10-14T06:55:33.400Z,42.212,6.896,15,2.5,ml,13,212.6,,,us,usp000e1t9,2014-11-07T01:27:23.381Z,"110 km SSE of Cavalaire-sur-Mer, France",earthquake,,,,,reviewed,ldg,ldg
2005-10-14T06:22:03.630Z,40.903,21.029,7,2.6,ml,10,174.5,,,us,usp000e1t7,2014-11-07T01:27:23.378Z,"7 km WSW of Krani, North Macedonia",earthquake,,,,,reviewed,the,the
2005-10-14T06:04:24.900Z,35.24,27.22,7,3.2,md,4,217.3,,,us,usp000e1t6,2014-11-07T01:27:23.377Z,"29 km S of Karpathos, Greece",earthquake,,,,,reviewed,ath,ath
2005-10-14T06:03:07.740Z,42.339,132.85,484,4.1,mb,28,92.9,,0.71,us,usp000e1t5,2014-11-07T01:27:23.374Z,"47 km SSW of Vrangel’, Russia",earthquake,,6.4,,7,reviewed,us,us
2005-10-14T05:54:34.090Z,34.636,73.232,10,3.7,mb,9,199.8,,0.63,us,usp000e1t4,2014-11-07T01:27:23.373Z,"19 km ESE of Battagram, Pakistan",earthquake,,,,3,reviewed,us,us
2005-10-14T05:42:18.200Z,40.29,19.6,16,3.3,md,5,242.5,,,us,usp000e1t2,2014-11-07T01:27:23.370Z,"11 km ESE of Orikum, Albania",earthquake,,,,,reviewed,ath,ath
2005-10-14T05:20:32.740Z,-17.224,-64.72,30.3,4.3,mb,22,90.6,,1.05,us,usp000e1t1,2014-11-07T01:27:23.367Z,"52 km ESE of Chimoré, Bolivia",earthquake,,16.7,,7,reviewed,us,us
2005-10-14T05:16:06.040Z,-23.74,-176.112,100,4.5,mb,13,119.2,,0.7,us,usp000e1t0,2014-11-07T01:27:23.365Z,"292 km SSW of ‘Ohonua, Tonga",earthquake,,,,2,reviewed,us,us
2005-10-14T05:02:00.230Z,-12.217,-76.576,78.8,4.5,mb,49,87.3,,0.76,us,usp000e1sz,2014-11-07T01:27:23.361Z,"23 km SW of Lahuaytambo, Peru",earthquake,,5.5,,23,reviewed,us,us
2005-10-14T05:01:15.250Z,51.588,16.152,5,3.1,ml,16,68,,0.85,us,usp000e1sy,2014-11-07T01:27:23.358Z,"1 km SW of Gr?bocice, Poland",earthquake,,,,,reviewed,us,cll
2005-10-14T04:43:04.530Z,28.225,86.243,10,3.9,mb,8,183.8,,0.35,us,usp000e1sx,2014-11-07T01:27:23.356Z,"40 km NE of Kod?ri??, Nepal",earthquake,,,,1,reviewed,us,us
2005-10-14T04:42:38.900Z,17.209,-101.354,15,3.6,md,5,242,,,us,usp000e1sw,2014-11-07T01:27:23.355Z,"35 km WSW of Papanoa, Mexico",earthquake,,,,,reviewed,unm,unm
2005-10-14T04:04:48.060Z,34.664,73.115,10,4.8,mb,84,47.7,,0.69,us,usp000e1sv,2014-11-07T01:27:23.346Z,"8 km E of Battagram, Pakistan",earthquake,,,,32,reviewed,us,us
2005-10-14T03:41:58.000Z,42.688,13.534,21.9,2.6,ml,16,161.4,,,us,usp000e1su,2014-11-07T01:27:23.343Z,"0 km ENE of Imposte, Italy",earthquake,,,,,reviewed,rom,rom
2005-10-14T03:36:45.970Z,-23.713,-176.024,33.9,5.5,mwc,151,76.3,,0.71,us,usp000e1st,2022-05-02T18:04:08.706Z,"285 km SSW of ‘Ohonua, Tonga",earthquake,,18.4,,,reviewed,us,hrv
2005-10-14T03:34:37.420Z,-16.886,-70.491,54.4,4.4,mb,16,133.1,,1.03,us,usp000e1ss,2014-11-07T01:27:23.302Z,"23 km ESE of Carumas, Peru",earthquake,,17.1,,5,reviewed,us,us
2005-10-14T03:32:29.810Z,1.801,-101.88,10,4.2,mb,19,213.3,,0.79,us,usp000e1sr,2014-11-07T01:27:23.300Z,"Galapagos Triple Junction region",earthquake,,,,9,reviewed,us,us
2005-10-14T03:22:54.290Z,50.379,18.768,5,2.5,m,5,193.3,,1.07,us,usp000e1sq,2014-11-07T01:27:23.298Z,"0 km SE of Wieszowa, Poland",earthquake,,,,,reviewed,us,war
2005-10-14T02:52:28.830Z,34.776,73.26,10,4.1,mb,34,58.6,,0.81,us,usp000e1sp,2014-11-07T01:27:23.295Z,"24 km ENE of Battagram, Pakistan",earthquake,,,,7,reviewed,us,us
2005-10-14T02:39:47.710Z,6.949,94.221,30,4.3,mb,7,207.4,,0.82,us,usp000e1sn,2014-11-07T01:27:23.293Z,"168 km NW of Sabang, Indonesia",earthquake,,,,2,reviewed,us,us
2005-10-14T02:14:37.000Z,-9.139,121.609,35,4.2,mb,16,128.9,,1.14,us,usp000e1sm,2014-11-07T01:27:23.291Z,"33 km S of Ende, Indonesia",earthquake,,0,,5,reviewed,us,us
2005-10-14T01:41:26.500Z,34.15,25.94,10,3.5,md,8,267.3,,,us,usp000e1sk,2014-11-07T01:27:23.290Z,"97 km S of Ierápetra, Greece",earthquake,,,,,reviewed,ath,ath
2005-10-14T01:37:07.750Z,34.633,73.189,10,3.3,mb,8,184,,0.87,us,usp000e1sj,2014-11-07T01:27:23.289Z,"15 km ESE of Battagram, Pakistan",earthquake,,,,2,reviewed,us,us
2005-10-14T01:02:47.420Z,15.809,-61.618,8.6,3,md,9,187.5,,,us,usp000e1sh,2014-11-07T01:27:23.287Z,"5 km SSE of Petites Anses, Guadeloupe",earthquake,,,,,reviewed,fdf,fdf
2005-10-14T00:27:39.840Z,34.22,73.541,10,3.2,mb,13,201,,0.84,us,usp000e1sg,2014-11-07T01:27:23.286Z,"17 km SSE of Muzaffar?b?d, Pakistan",earthquake,,,,3,reviewed,us,us
2005-10-14T00:13:19.880Z,24.239,95.346,148,3.9,mb,12,241.1,,0.88,us,usp000e1sf,2014-11-07T01:27:23.284Z,"116 km NE of Mawlaik, Myanmar",earthquake,,24.2,,4,reviewed,us,us
2005-10-14T00:06:11.710Z,50.27,18.768,5,2.6,m,12,163,,1.31,us,usp000e1se,2014-11-07T01:27:23.281Z,"2 km NNE of Przyszowice, Poland",earthquake,,,,,reviewed,us,war
2005-10-13T23:31:56.950Z,21.333,120.302,35,5,mwc,107,68.5,,0.87,us,usp000e1sd,2025-12-19T23:24:28.406Z,"87 km SSW of Hengchun, Taiwan",earthquake,,0,,,reviewed,us,hrv
2005-10-13T23:25:05.820Z,34.498,73.493,10,4.5,mb,55,78.6,,0.71,us,usp000e1sc,2014-11-07T01:27:23.263Z,"14 km N of Muzaffar?b?d, Pakistan",earthquake,,,,21,reviewed,us,us
2005-10-13T23:11:33.310Z,34.694,72.981,10,3.9,mb,12,145.7,,1.37,us,usp000e1sb,2014-11-07T01:27:23.262Z,"1 km NNW of Shingli Bala, Pakistan",earthquake,,,,2,reviewed,us,us
2005-10-13T23:05:41.361Z,66.3887,-149.7673,27.1,3.3,ml,,,,0.63,ak,ak005d5dfdx4,2019-02-13T03:33:32.402Z,"52 km NW of Stevens Village, Alaska",earthquake,,9.8,,,reviewed,ak,ak
2005-10-13T23:03:04.500Z,38.33,21.85,9,3.1,md,6,95.2,,,us,usp000e1s9,2014-11-07T01:27:23.258Z,"5 km ENE of Aktaío, Greece",earthquake,,,,,reviewed,ath,ath
2005-10-13T23:02:29.180Z,34.795,73.263,10,3.5,mb,12,200.8,,0.97,us,usp000e1s8,2014-11-07T01:27:23.256Z,"25 km ENE of Battagram, Pakistan",earthquake,,,,1,reviewed,us,us
2005-10-13T23:01:13.200Z,38.28,21.8,30,3,md,4,161.7,,,us,usp000e1s7,2014-11-07T01:27:23.255Z,"2 km SE of Río, Greece",earthquake,,,,,reviewed,ath,ath
2005-10-13T22:53:03.850Z,34.779,73.186,10,4.8,mb,79,58.4,,0.92,us,usp000e1s5,2014-11-07T01:27:23.247Z,"18 km NE of Battagram, Pakistan",earthquake,,,,38,reviewed,us,us
2005-10-13T22:30:45.480Z,50.276,-179.65,13.5,3,ml,12,338.9,,,us,usp000e1s4,2019-02-13T03:33:32.019Z,"276 km SW of Adak, Alaska",earthquake,,,,,reviewed,aeic,aeic
2005-10-13T22:15:58.900Z,38.31,21.76,26,3.3,md,4,169.7,,,us,usp000e1s3,2014-11-07T01:27:23.244Z,"2 km S of Antirrio, Greece",earthquake,,,,,reviewed,ath,ath
2005-10-13T22:12:13.120Z,19.3855,-155.2926667,14.657,2.83,ml,36,27,,0.12,hv,hv5454707,2020-03-31T21:30:13.950Z,"8 km SW of Volcano, Hawaii",earthquake,0.46,0.28,0.06,9,reviewed,hv,hv
2005-10-13T22:05:08.290Z,-1.616,-77.326,234.7,4.2,mb,11,157.4,,1.13,us,usp000e1s2,2014-11-07T01:27:23.242Z,"71 km E of Palora, Ecuador",earthquake,,26.7,,6,reviewed,us,us
2005-10-13T22:04:09.900Z,-5.147,153.766,33.2,5.7,mwb,195,28.7,,0.99,us,usp000e1s1,2022-05-02T18:04:07.309Z,"188 km ESE of Kokopo, Papua New Guinea",earthquake,,,,,reviewed,us,us
2005-10-13T21:52:13.550Z,-18.326,-173.742,9.2,4.7,mb,22,119,,1.14,us,usp000e1s0,2014-11-07T01:27:23.220Z,"44 km NE of Neiafu, Tonga",earthquake,,44.9,,6,reviewed,us,us
2005-10-13T21:37:10.600Z,38.33,21.87,7,3.2,ml,23,51.8,,,us,usp000e1rz,2014-11-07T01:27:23.217Z,"7 km NNE of Áno Kastrítsi, Greece",earthquake,,,,,reviewed,ath,ath
2005-10-13T21:13:17.830Z,54.165,-162.734,10.1,3.6,ml,37,200.9,,,us,usp000e1ry,2019-02-13T03:33:31.520Z,"88 km SSE of False Pass, Alaska",earthquake,,,,,reviewed,aeic,aeic
2005-10-13T21:05:57.000Z,-44.74,167.39,30,3.9,ml,18,213.2,,,us,usp000e1rx,2014-11-07T01:27:23.211Z,"79 km NNW of Te Anau, New Zealand",earthquake,,,,,reviewed,wel,wel
2005-10-13T21:05:36.600Z,46.6985,-122.7535,0.331,2.6,md,5,107,0.04519,0.02,uw,uw10681343,2016-07-22T21:58:40.640Z,"13 km N of Onalaska, Washington",explosion,0.156,0.26,0.03,3,reviewed,uw,uw
2005-10-13T21:02:13.870Z,-20.79,-68.83,103.6,4.4,mb,24,111.1,,1.33,us,usp000e1rw,2014-11-07T01:27:23.208Z,"151 km ESE of Iquique, Chile",earthquake,,8.2,,5,reviewed,us,us
2005-10-13T20:56:20.900Z,51.284,-178.316,25.6,2.7,ml,8,338.6,,,us,usp000e1rv,2019-02-13T03:33:31.150Z,"133 km WSW of Adak, Alaska",earthquake,,,,,reviewed,aeic,aeic
2005-10-13T20:49:22.240Z,34.742,73.134,10,4.9,mwc,286,25.5,,0.83,us,usp000e1ru,2016-11-10T01:12:55.041Z,"12 km NE of Battagram, Pakistan",earthquake,,,,,reviewed,us,hrv
2005-10-13T20:35:51.340Z,30.046,56.705,10,4.2,mb,33,78.7,,1.04,us,usp000e1rt,2014-11-07T01:27:23.178Z,"18 km NE of Bards?r, Iran",earthquake,,,,3,reviewed,us,us
2005-10-13T20:26:23.490Z,43.017,18.765,11,2.5,ml,11,129.9,,,us,usp000e1rs,2014-11-07T01:27:23.176Z,"16 km SSW of Plužine, Montenegro",earthquake,,,,,reviewed,pdg,pdg
2005-10-13T20:23:02.710Z,34.771,73.045,10,4.8,mb,98,39.7,,0.8,us,usp000e1rr,2022-05-02T18:04:06.112Z,"10 km N of Battagram, Pakistan",earthquake,,,,51,reviewed,us,us
2005-10-13T20:08:23.400Z,38.61,25.44,28,3.1,ml,6,83.5,,,us,usp000e1rq,2014-11-07T01:27:23.166Z,"13 km NW of Psará, Greece",earthquake,,,,,reviewed,ath,ath
2005-10-13T19:50:50.140Z,5.315,94.287,30,4.6,mb,40,179,,0.86,us,usp000e1rp,2014-11-07T01:27:23.163Z,"118 km WSW of Banda Aceh, Indonesia",earthquake,,,,10,reviewed,us,us
2005-10-13T19:24:09.407Z,57.4834,-154.2387,36,4.8,mw,,,,0.69,ak,ak005d5b5nn0,2019-02-13T03:33:30.490Z,"16 km SE of Karluk, Alaska",earthquake,,2.7,,,reviewed,ak,ak
2005-10-13T19:22:17.110Z,54.259,142.786,25,4.6,mb,50,89.1,,0.94,us,usp000e1rm,2014-11-07T01:27:23.133Z,"75 km N of Okha, Russia",earthquake,,0,,24,reviewed,us,us
2005-10-13T18:52:40.500Z,51.254,179.513,1,3.2,ml,9,320.5,,,us,usp000e1rh,2019-02-13T03:33:29.726Z,"275 km WSW of Adak, Alaska",earthquake,,,,,reviewed,aeic,aeic
2005-10-13T18:46:50.940Z,34.772,73.172,10,4.4,mb,29,127.5,,0.73,us,usp000e1rg,2014-11-07T01:27:23.122Z,"17 km NE of Battagram, Pakistan",earthquake,,,,12,reviewed,us,us
2005-10-13T18:16:09.710Z,-27.947,-70.004,80.1,4.6,mb,29,122.4,,1.04,us,usp000e1rf,2014-11-07T01:27:23.117Z,"71 km SSE of Copiapó, Chile",earthquake,,,,11,reviewed,us,us
2005-10-13T18:11:41.800Z,-42.67,172.46,12,4.6,mb,82,99.5,,,us,usp000e1re,2014-11-07T01:27:23.111Z,"58 km NNW of Amberley, New Zealand",earthquake,,,,5,reviewed,wel,us
2005-10-13T17:19:26.090Z,52.825,-164.272,38,3,ml,27,234.9,,,us,usp000e1rd,2019-02-13T03:33:29.354Z,"176 km SE of Akutan, Alaska",earthquake,,,,,reviewed,aeic,aeic
2005-10-13T17:08:46.970Z,34.714,73.272,10,4.3,mb,35,89,,1.02,us,usp000e1rc,2014-11-07T01:27:23.104Z,"23 km E of Battagram, Pakistan",earthquake,,,,15,reviewed,us,us
2005-10-13T16:58:25.580Z,40.0983333,-111.2638333,11.53,2.63,ml,31,123,0.2954,0.21,uu,uu50304475,2018-08-28T21:24:56.570Z,"22 km S of Independence, Utah",earthquake,0.5,0.71,,11,reviewed,uu,uu
2005-10-13T16:48:46.390Z,40.0971667,-111.2711667,9.77,2.73,ml,38,122,0.2897,0.28,uu,uu50304470,2018-08-28T21:24:55.680Z,"Utah",earthquake,0.52,0.98,,13,reviewed,uu,uu
2005-10-13T16:48:39.150Z,34.462,73.255,10,3.6,mb,11,199.9,,1.22,us,usp000e1rb,2014-11-07T01:27:23.102Z,"3 km NE of Baffa, Pakistan",earthquake,,,,3,reviewed,us,us
2005-10-13T16:48:36.430Z,4.9,94.929,30,4.6,mb,21,178.9,,0.99,us,usp000e1ra,2014-11-07T01:27:23.100Z,"83 km SSW of Banda Aceh, Indonesia",earthquake,,,,7,reviewed,us,us
2005-10-13T16:46:49.320Z,54.12,-165.387,81.4,3.4,m,34,177.7,,,us,usp000e1r9,2019-02-13T03:33:28.865Z,"25 km E of Akutan, Alaska",earthquake,,,,,reviewed,aeic,aeic
2005-10-13T16:29:16.770Z,31.654,138.209,359,4.5,mwr,48,109,,0.79,us,usp000e1r8,2014-11-07T01:27:23.091Z,"Izu Islands, Japan region",earthquake,,5.1,,,reviewed,us,nied
2005-10-13T15:33:05.000Z,38.406,27.11,15.6,3.4,md,30,66.4,,,us,usp000e1r7,2014-11-07T01:27:23.088Z,"2 km WSW of ?zmir, Turkey",earthquake,,,,,reviewed,isk,isk
2005-10-13T15:03:31.580Z,4.891,94.811,30,4.8,mb,28,179,,0.88,us,usp000e1r6,2014-11-07T01:27:23.086Z,"92 km SW of Banda Aceh, Indonesia",earthquake,,,,7,reviewed,us,us
2005-10-13T14:49:44.000Z,9.68,-62.55,24.7,4,md,7,313.6,,,us,usp000e1r5,2014-11-07T01:27:23.084Z,"69 km E of Maturín, Venezuela",earthquake,,,,,reviewed,car,trn
2005-10-13T14:20:43.410Z,34.586,33.241,6,3.2,ml,5,235.1,,,us,usp000e1r4,2014-11-07T01:27:23.083Z,"18 km SSE of Pyrgos, Cyprus",earthquake,,,,,reviewed,nic,nic
2005-10-13T14:16:10.430Z,-21.466,169.637,46.5,4.5,mb,17,112.2,,1.15,us,usp000e1r3,2014-11-07T01:27:23.080Z,"182 km E of Tadine, New Caledonia",earthquake,,20.8,,7,reviewed,us,us
2005-10-13T14:08:40.400Z,66.397,13.214,5,2.8,ml,14,133,,,us,usp000e1r2,2014-11-07T01:27:23.077Z,"23 km NNE of Nesna, Norway",earthquake,,,,,reviewed,ber,ber
2005-10-13T14:05:28.500Z,-33.889,-73.374,23.7,2.8,ml,4,343.8,,,us,usp000e1r1,2014-11-07T01:27:23.076Z,"166 km W of San Antonio, Chile",earthquake,,,,,reviewed,guc,guc
2005-10-13T14:03:17.790Z,45.714,26.447,110,4,md,15,91.9,,,us,usp000e1r0,2014-11-07T01:27:23.074Z,"15 km ESE of Comand?u, Romania",earthquake,,,,,reviewed,buc,irsa
2005-10-13T13:54:48.100Z,-27.707,-70.664,14.1,3.4,ml,4,164.1,,,us,usp000e1qz,2014-11-07T01:27:23.073Z,"50 km SW of Copiapó, Chile",earthquake,,,,,reviewed,guc,guc
2005-10-13T13:45:06.450Z,34.459,73.052,10,3.4,mb,10,207.1,,1.45,us,usp000e1qy,2014-11-07T01:27:23.071Z,"15 km W of Baffa, Pakistan",earthquake,,,,3,reviewed,us,us
2005-10-13T12:42:02.860Z,51.079,179.801,93.8,3.2,m,4,355,,,us,usp000e1qx,2019-02-13T03:33:36.830Z,"262 km WSW of Adak, Alaska",earthquake,,,,,reviewed,aeic,aeic
2005-10-13T12:41:17.180Z,-20.152,-174.097,15,4.6,mb,26,124.2,,0.61,us,usp000e1qw,2014-11-07T01:27:23.067Z,"46 km SE of Pangai, Tonga",earthquake,,0,,9,reviewed,us,us
2005-10-13T12:37:21.070Z,-14.929,-173.652,35,4.3,mb,20,118.6,,0.86,us,usp000e1qv,2014-11-07T01:27:23.064Z,"114 km N of Hihifo, Tonga",earthquake,,0,,6,reviewed,us,us
2005-10-13T11:19:12.890Z,34.684,73.143,10,4.8,mb,23,78.8,,0.86,us,usp000e1qu,2014-11-07T01:27:23.061Z,"10 km E of Battagram, Pakistan",earthquake,,,,9,reviewed,us,us
2005-10-13T10:20:28.930Z,-7.031,150.423,35,4.4,mb,17,118.1,,1.18,us,usp000e1qt,2014-11-07T01:27:23.059Z,"132 km SE of Kandrian, Papua New Guinea",earthquake,,,,6,reviewed,us,us
2005-10-13T10:05:25.500Z,16.211,-98.042,6.7,4.4,md,17,235.4,,,us,usp000e1qs,2014-11-07T01:27:23.057Z,"4 km SSW of El Carrizo, Mexico",earthquake,,,,,reviewed,unm,unm
2005-10-13T10:03:46.010Z,19.4505,-154.8803333,1.254,2.72,ml,34,264,,0.13,hv,hv5454583,2020-03-31T21:30:12.840Z,"4 km ESE of Leilani Estates, Hawaii",earthquake,0.72,0.36,0.13,11,reviewed,hv,hv
2005-10-13T09:03:59.910Z,-23.082,170.025,10,4.8,mb,28,129.7,,0.9,us,usp000e1qr,2014-11-07T01:27:23.054Z,"263 km E of Vao, New Caledonia",earthquake,,,,13,reviewed,us,us
2005-10-13T08:33:50.390Z,34.679,73.214,10,4.7,mb,30,101,,0.73,us,usp000e1qq,2014-11-07T01:27:23.050Z,"17 km E of Battagram, Pakistan",earthquake,,,,10,reviewed,us,us
2005-10-13T08:32:29.910Z,34.099,73.346,10,3.7,mb,12,201.2,,0.67,us,usp000e1qp,2014-11-07T01:27:23.049Z,"13 km ESE of Abbottabad, Pakistan",earthquake,,,,3,reviewed,us,us
2005-10-13T08:20:46.620Z,53.396,-165.918,5,2.5,ml,22,219.9,,,us,usp000e1qn,2019-02-13T03:33:26.052Z,"67 km SE of Unalaska, Alaska",earthquake,,,,,reviewed,aeic,aeic
2005-10-13T08:08:22.340Z,2.294,96.188,30,4.6,mb,12,200.1,,0.88,us,usp000e1qk,2014-11-07T01:27:23.044Z,"29 km SW of Sinabang, Indonesia",earthquake,,,,4,reviewed,us,us
2005-10-13T08:05:40.200Z,51.463,-177.838,32.3,2.7,ml,13,330.5,,,us,usp000e1qj,2019-02-13T03:33:25.664Z,"95 km WSW of Adak, Alaska",earthquake,,,,,reviewed,aeic,aeic
2005-10-13T07:44:42.860Z,-9.527,117.2,3,4.5,mb,34,63.5,,0.91,us,usp000e1qh,2014-11-07T01:27:23.038Z,"116 km SSW of Sumbawa Besar, Indonesia",earthquake,,31.8,,13,reviewed,us,us
2005-10-13T07:28:43.300Z,-39.64,174.11,211,3.9,m,39,117.3,,,us,usp000e1qg,2014-11-07T01:27:23.034Z,"15 km WSW of Hawera, New Zealand",earthquake,,,,,reviewed,wel,wel
2005-10-13T07:10:47.400Z,39.5,21.59,29,3.1,md,4,153.9,,,us,usp000e1qe,2014-11-07T01:27:23.032Z,"5 km NNW of Pýli, Greece",earthquake,,,,,reviewed,ath,ath
2005-10-13T06:42:40.190Z,40.955,24.307,0.1,3.2,md,12,118.3,,,us,usp000e1qd,2014-11-07T01:27:23.030Z,"3 km N of Kokkinóchoma, Greece",earthquake,,,,,reviewed,the,ath
2005-10-13T06:32:42.700Z,38.07,20.28,2,3.3,md,5,223.6,,,us,usp000e1qc,2014-11-07T01:27:23.029Z,"20 km SW of Lixoúri, Greece",earthquake,,,,,reviewed,ath,ath
2005-10-13T06:20:38.400Z,-33.055,-68.987,10,2.7,ml,5,221.4,,,us,usp000e1qb,2014-11-07T01:27:23.028Z,"23 km SW of Mendoza, Argentina",earthquake,,,,,reviewed,guc,guc
2005-10-13T05:58:50.150Z,36.685,141.77,10,3.7,mwr,9,225.9,,0.71,us,usp000e1qa,2014-11-07T01:27:23.026Z,"88 km ESE of Iwaki, Japan",earthquake,,,,,reviewed,us,nied
2005-10-13T05:31:18.072Z,62.5112,-151.0137,80.3,3.1,ml,,,,0.93,ak,ak005d52v3un,2019-02-13T03:33:25.127Z,"12 km W of Petersville, Alaska",earthquake,,0.8,,,reviewed,ak,ak
2005-10-13T05:26:16.780Z,34.628,86.174,10,4.6,mb,34,72.5,,0.75,us,usp000e1q8,2014-11-07T01:27:23.016Z,"western Xizang",earthquake,,,,12,reviewed,us,us
2005-10-13T04:32:25.430Z,-56.698,-155.784,10,5,mwc,127,48.1,,0.76,us,usp000e1q7,2025-12-19T23:25:01.822Z,"Pacific-Antarctic Ridge",earthquake,,,,,reviewed,us,hrv
2005-10-13T04:05:52.490Z,34.459,73.255,10,4,mb,11,201,,1.09,us,usp000e1q6,2014-11-07T01:27:22.992Z,"3 km NE of Baffa, Pakistan",earthquake,,,,2,reviewed,us,us
2005-10-13T04:00:53.400Z,-32.925,-71.036,60.4,3.4,md,12,141.9,,,us,usp000e1q5,2014-11-07T01:27:22.990Z,"11 km SW of Llaillay, Chile",earthquake,,,,,reviewed,guc,guc
2005-10-13T04:00:42.671Z,62.7483,-149.1718,67.3,3.5,ml,,,,0.77,ak,ak005d5232y3,2019-02-13T03:33:24.546Z,"58 km NE of Chase, Alaska",earthquake,,0.5,,,reviewed,ak,ak
2005-10-13T03:54:22.800Z,39.77,25.6,22,3,md,5,155.7,,,us,usp000e1q3,2014-11-07T01:27:22.983Z,"40 km W of Bozcaada, Turkey",earthquake,,,,,reviewed,ath,ath
2005-10-13T03:48:58.990Z,46.2043333,-122.1913333,-1.491,2.8,md,8,86,0.005466,0.24,uw,uw10681133,2016-07-22T21:58:34.700Z,"38 km NNE of Amboy, Washington",earthquake,0.1,2.94,0.06,4,reviewed,uw,uw
2005-10-13T03:43:22.780Z,50.348,18.722,5,2.6,m,12,171.5,,1.22,us,usp000e1q1,2014-11-07T01:27:22.979Z,"4 km SSW of Wieszowa, Poland",earthquake,,,,,reviewed,us,war
2005-10-13T03:23:00.750Z,45.652,26.82,100.7,2.9,md,9,133.4,,,us,usp000e1q0,2014-11-07T01:27:22.977Z,"8 km NE of Vintileasca, Romania",earthquake,,,,,reviewed,buc,irsa
2005-10-13T03:07:57.850Z,-18.028,-178.474,578.3,4.3,mb,58,75.2,,0.96,us,usp000e1pz,2014-11-07T01:27:22.971Z,"233 km E of Levuka, Fiji",earthquake,,10,,21,reviewed,us,us
2005-10-13T02:20:21.590Z,34.581,73.286,10,3.4,mb,11,200.9,,1.07,us,usp000e1py,2014-11-07T01:27:22.970Z,"16 km NNE of Baffa, Pakistan",earthquake,,,,2,reviewed,us,us
2005-10-13T02:13:30.700Z,-31.744,-71.857,26.8,2.9,ml,5,254.3,,,us,usp000e1px,2014-11-07T01:27:22.968Z,"66 km W of Illapel, Chile",earthquake,,,,,reviewed,guc,guc
2005-10-13T01:53:27.600Z,-31.552,-68.516,114.5,3.1,md,5,304.2,,,us,usp000e1pw,2014-11-07T01:27:22.967Z,"2 km SW of Santa Lucía, Argentina",earthquake,,,,,reviewed,guc,guc
2005-10-13T01:49:46.240Z,34.496,73.203,10,4.9,mb,9,169.4,,0.8,us,usp000e1pv,2014-11-07T01:27:22.966Z,"6 km NNW of Baffa, Pakistan",earthquake,,,,3,reviewed,us,us
2005-10-13T01:49:20.050Z,24.392,121.924,8.9,4.5,ml,9,97.9,,1.71,us,usp000e1pu,2014-11-07T01:27:22.964Z,"43 km SSE of Yilan, Taiwan",earthquake,,14.9,,,reviewed,us,tap
2005-10-13T01:40:35.210Z,15.251,-105.024,35,4.1,mb,14,199.5,,1.37,us,usp000e1pt,2014-11-07T01:27:22.962Z,"off the coast of Michoacan, Mexico",earthquake,,,,6,reviewed,us,us
2005-10-13T01:38:25.670Z,43.02,-0.008,2.3,2.7,ml,24,89.2,,,us,usp000e1ps,2014-11-07T01:27:22.915Z,"7 km ENE of Argelès-Gazost, France",earthquake,,,,,reviewed,mdd,ldg
2005-10-13T01:36:48.100Z,46.8,6.8,10,2.7,ml,28,104.7,,,us,usp000e1pr,2014-11-07T01:27:22.909Z,"4 km E of Yvonand, Switzerland",earthquake,,,,,reviewed,zur,ldg
2005-10-13T01:21:25.520Z,52.139,-168.113,28.9,3,ml,9,302.9,,,us,usp000e1pq,2019-02-13T03:33:23.398Z,"102 km SSE of Nikolski, Alaska",earthquake,,,,,reviewed,aeic,aeic
2005-10-13T01:19:07.720Z,34.654,73.09,10,3.3,mb,11,143,,0.74,us,usp000e1pp,2014-11-07T01:27:22.903Z,"6 km ESE of Battagram, Pakistan",earthquake,,,,2,reviewed,us,us
2005-10-13T01:01:38.840Z,34.285,73.513,10,4,mb,19,187.6,,0.92,us,usp000e1pn,2014-11-07T01:27:22.901Z,"10 km SSE of Muzaffar?b?d, Pakistan",earthquake,,,,6,reviewed,us,us
2005-10-13T00:38:33.480Z,32.3171667,-115.6993333,5.787,3.04,ml,21,241,0.332,0.31,ci,ci10147221,2016-03-07T21:05:40.527Z,"31km SSW of Progreso, B.C., MX",earthquake,1.2,31.61,0.176,83,reviewed,ci,ci
2005-10-13T00:24:28.260Z,-17.741,-178.358,573.3,4.5,mb,54,116.5,,0.94,us,usp000e1pm,2014-11-07T01:27:22.895Z,"249 km E of Levuka, Fiji",earthquake,,9.7,,20,reviewed,us,us
2005-10-12T23:37:33.100Z,15.951,-97.251,14.9,4.2,mb,41,143.6,,,us,usp000e1pk,2014-11-07T01:27:22.891Z,"14 km SSW of Santiago Cuixtla, Mexico",earthquake,,,,10,reviewed,unm,us
2005-10-12T23:13:34.100Z,-24.059,-69.632,91.6,3.7,mb,10,96.4,,0.9,us,usp000e1pj,2014-11-07T01:27:22.889Z,"89 km ESE of Antofagasta, Chile",earthquake,,23.3,,1,reviewed,us,us
2005-10-12T23:10:10.800Z,-23.684,-175.928,42.8,5,mwc,63,76.3,,0.93,us,usp000e1ph,2025-12-19T22:39:21.268Z,"279 km SSW of ‘Ohonua, Tonga",earthquake,,,,,reviewed,us,hrv
2005-10-12T23:07:52.170Z,-27.718,-179.429,440,3.8,mb,11,148.6,,0.62,us,usp000e1pg,2014-11-07T01:27:22.881Z,"Kermadec Islands region",earthquake,,9.8,,1,reviewed,us,us
2005-10-12T22:43:05.890Z,-16.732,-70.765,1.7,4.8,mb,29,75.9,,1.38,us,usp000e1pf,2014-11-07T01:27:22.877Z,"8 km WNW of Cuchumbaya, Peru",earthquake,,13.1,,8,reviewed,us,us
2005-10-12T22:18:17.140Z,21.318,120.174,24.9,4.8,mwc,76,61.9,,0.86,us,usp000e1pe,2016-11-10T01:12:53.479Z,"96 km SW of Hengchun, Taiwan",earthquake,,,,,reviewed,us,hrv
2005-10-12T20:23:37.520Z,34.779,73.101,8,5.3,mwc,498,20.5,,1.07,us,usp000e1pd,2022-07-14T14:13:44.462Z,"13 km NNE of Battagram, Pakistan",earthquake,,,,,reviewed,us,hrv
2005-10-12T20:21:06.100Z,4.737,96.206,30,4.6,mb,10,132.5,,0.68,us,usp000e1pc,2014-11-07T01:27:22.812Z,"53 km S of Reuleuet, Indonesia",earthquake,,,,4,reviewed,us,us
2005-10-12T20:14:24.720Z,43.797,-105.338,0,3.1,ml,23,139.5,,0.66,rusms,rusms00003997,2022-06-09T21:12:45.164Z,"13 km ENE of Wright, Wyoming",explosion,,,,,reviewed,us,us
2005-10-12T19:37:59.400Z,38.429,16.584,51.2,2.6,md,10,212.9,,,us,usp000e1pb,2014-11-07T01:27:22.810Z,"1 km ESE of Monasterace Marina, Italy",earthquake,,,,,reviewed,rom,rom
2005-10-12T19:10:17.380Z,33.985,73.33,10,3.7,mb,10,201.3,,1.15,us,usp000e1pa,2014-11-07T01:27:22.809Z,"10 km NNW of Murree, Pakistan",earthquake,,,,3,reviewed,us,us
2005-10-12T19:03:17.210Z,34.557,73.188,10,3.8,mb,25,77.5,,0.96,us,usp000e1p9,2014-11-07T01:27:22.806Z,"13 km NNW of Baffa, Pakistan",earthquake,,,,8,reviewed,us,us
2005-10-12T18:45:36.900Z,38.26,23.93,20,3.1,ml,10,221.4,,,us,usp000e1p8,2014-11-07T01:27:22.804Z,"3 km SSE of Áyioi Apóstoloi, Greece",earthquake,,,,,reviewed,ath,ath
2005-10-12T18:06:38.460Z,43.753,-105.342,0,3.2,ml,33,96,,0.7,rusms,rusms00003996,2022-06-09T21:12:45.150Z,"12 km E of Wright, Wyoming",explosion,,,,,reviewed,us,us
2005-10-12T17:59:02.780Z,34.279,73.204,10,3.5,mb,9,201.2,,1.01,us,usp000e1p7,2014-11-07T01:27:22.803Z,"5 km S of Mansehra, Pakistan",earthquake,,,,4,reviewed,us,us
2005-10-12T17:01:09.140Z,53.523,-164.889,11.4,2.5,ml,7,269.8,,,us,usp000e1p6,2019-02-13T03:33:11.296Z,"89 km SE of Akutan, Alaska",earthquake,,,,,reviewed,aeic,aeic
2005-10-12T16:33:20.110Z,53.33,-163.678,18.2,2.6,ml,9,295.3,,,us,usp000e1p5,2019-02-13T03:33:20.308Z,"164 km ESE of Akutan, Alaska",earthquake,,,,,reviewed,aeic,aeic
2005-10-12T16:04:45.730Z,51.533,16.106,5,2.8,ml,20,98.6,,0.91,us,usp000e1p4,2014-11-07T01:27:22.797Z,"3 km NE of Polkowice, Poland",earthquake,,,,,reviewed,us,cll
2005-10-12T15:55:09.200Z,34.65,25.19,34,3.3,md,5,220.6,,,us,usp000e1p3,2014-11-07T01:27:22.796Z,"39 km S of Pýrgos, Greece",earthquake,,,,,reviewed,ath,ath
2005-10-12T15:20:16.292Z,38.2366,-117.8767,7.4,2.9,ml,23,118.54,0.295,0.1038,nn,nn00165239,2018-04-24T20:55:25.990Z,"26 km SE of Mina, Nevada",earthquake,,4.8,,,reviewed,nn,nn
2005-10-12T15:07:38.100Z,47.433,145.536,397.8,3.5,mb,17,198.5,,0.28,us,usp000e1p2,2014-11-07T01:27:22.794Z,"207 km E of Dolinsk, Russia",earthquake,,10,,3,reviewed,us,us
2005-10-12T14:57:45.570Z,41.988,20.305,5.2,3.1,ml,19,109.4,,,us,usp000e1p1,2014-11-07T01:27:22.791Z,"13 km SW of Kukës, Albania",earthquake,,,,,reviewed,pdg,the
2005-10-12T14:51:04.850Z,-52.44,13.116,10,4.4,mb,23,100.1,,1.22,us,usp000e1p0,2014-11-07T01:27:22.788Z,"southwest of Africa",earthquake,,,,3,reviewed,us,us
2005-10-12T14:10:34.600Z,-27.011,26.769,2,4.8,mb,75,59,,,us,usp000e1nz,2022-07-14T14:15:27.049Z,"10 km ESE of Orkney, South Africa",earthquake,,,,31,reviewed,pre,us
2005-10-12T13:27:08.300Z,38.32,21.82,25,2.9,md,5,105.7,,,us,usp000e1ny,2014-11-07T01:27:22.780Z,"2 km NE of Aktaío, Greece",earthquake,,,,,reviewed,ath,ath
2005-10-12T13:26:42.980Z,43.115,18.198,11,2.5,md,11,199.3,,,us,usp000e1nx,2014-11-07T01:27:22.778Z,"17 km SSE of Nevesinje, Bosnia and Herzegovina",earthquake,,,,,reviewed,pdg,pdg
2005-10-12T13:01:08.150Z,34.781,-4.765,0,3.8,m,25,271.9,,,us,usp000e1nw,2014-11-07T01:27:22.775Z,"29 km NNW of Taounate, Morocco",earthquake,,,,,reviewed,mdd,mdd
2005-10-12T12:25:54.100Z,34.77,26.08,20,3.4,md,5,239.9,,,us,usp000e1nv,2014-11-07T01:27:22.773Z,"40 km SE of Ierápetra, Greece",earthquake,,,,,reviewed,ath,ath
2005-10-12T11:20:18.200Z,-42.03,171.68,7,4.8,ml,61,89.9,,,us,usp000e1nu,2014-11-07T01:27:22.769Z,"31 km SSE of Westport, New Zealand",earthquake,,,,,reviewed,wel,wel
2005-10-12T10:22:11.140Z,34.653,73.291,10,3.5,mb,14,108,,1.38,us,usp000e1nt,2014-11-07T01:27:22.767Z,"24 km NNE of Baffa, Pakistan",earthquake,,,,4,reviewed,us,us
2005-10-12T10:10:02.820Z,-7.984,117.941,30,4.2,mb,8,192.4,,0.75,us,usp000e1ns,2014-11-07T01:27:22.766Z,"69 km NE of Pototano, Indonesia",earthquake,,,,1,reviewed,us,us
2005-10-12T09:47:36.510Z,-17.766,-178.669,573,4.3,mb,11,122.6,,1.29,us,usp000e1nr,2014-11-07T01:27:22.764Z,"216 km E of Levuka, Fiji",earthquake,,15.6,,1,reviewed,us,us
2005-10-12T09:18:36.926Z,61.6399,-150.7517,64.6,2.5,ml,,,,0.53,ak,ak005d3hmqx8,2019-02-13T03:33:09.067Z,"16 km NW of Susitna, Alaska",earthquake,,0.6,,,reviewed,ak,ak
2005-10-12T08:15:49.070Z,46.1976667,-122.197,-0.821,2.6,md,15,73,,0.09,uw,uw10680778,2016-07-22T21:58:26.770Z,"37 km NNE of Amboy, Washington",earthquake,0.264,0.21,0.06,7,reviewed,uw,uw
2005-10-12T08:11:45.153Z,52.6172,-166.5843,9.7,2.5,ml,,,,0.52,ak,ak005d3gztxv,2019-02-13T03:33:15.901Z,"139 km S of Unalaska, Alaska",earthquake,,13.6,,,reviewed,ak,ak
2005-10-12T08:11:16.670Z,34.738,73.128,10,4.2,mb,15,145.3,,1.03,us,usp000e1np,2014-11-07T01:27:22.759Z,"11 km NE of Battagram, Pakistan",earthquake,,,,4,reviewed,us,us
2005-10-12T08:01:21.100Z,19.3098333,-155.2215,8.602,2.56,ml,36,81,,0.11,hv,hv5454227,2020-03-31T21:30:11.700Z,"14 km S of Volcano, Hawaii",earthquake,0.33,0.34,0.13,11,reviewed,hv,hv
2005-10-12T06:35:59.730Z,34.517,73.892,10,4.2,mb,30,66.8,,1.27,us,usp000e1nn,2014-11-07T01:27:22.755Z,"42 km ENE of Muzaffar?b?d, Pakistan",earthquake,,,,7,reviewed,us,us
2005-10-12T06:35:17.410Z,43.03,18.765,11,2.6,ml,11,132.6,,,us,usp000e1nm,2014-11-07T01:27:22.753Z,"14 km SSW of Plužine, Montenegro",earthquake,,,,,reviewed,pdg,pdg
2005-10-12T06:27:30.090Z,35.5093333,-84.5443333,8.12,3.3,mlg,20,63,,0.12,se,se605955,2022-07-13T00:31:27.884Z,"0 km S of Niota, Tennessee",earthquake,0.6,0.8,0.514,2,reviewed,se,se
2005-10-12T06:26:01.360Z,19.453,-155.5963333,39.34,2.56,ml,31,63,,0.11,hv,hv5454211,2020-03-31T21:30:10.900Z,"28 km E of Honaunau-Napoopoo, Hawaii",earthquake,0.85,0.97,0.17,11,reviewed,hv,hv
2005-10-12T06:24:42.000Z,-32.636,-71.6,25.3,2.7,ml,14,201.1,,,us,usp000e1nj,2014-11-07T01:27:22.748Z,"39 km WNW of Hacienda La Calera, Chile",earthquake,,,,,reviewed,guc,guc
2005-10-12T06:21:37.200Z,-32.64,-71.595,15,2.7,ml,11,193.5,,,us,usp000e1nh,2014-11-07T01:27:22.746Z,"38 km WNW of Hacienda La Calera, Chile",earthquake,,,,,reviewed,guc,guc
2005-10-12T06:20:50.600Z,-37.42,177.5,120,4.2,m,7,258.7,,,us,usp000e1ng,2014-11-07T01:27:22.744Z,"68 km NNE of Opotiki, New Zealand",earthquake,,,,,reviewed,wel,wel
2005-10-12T05:55:52.590Z,34.682,73.117,10,3.5,mb,10,200.9,,0.59,us,usp000e1nf,2014-11-07T01:27:22.743Z,"8 km E of Battagram, Pakistan",earthquake,,,,2,reviewed,us,us
2005-10-12T05:45:52.840Z,34.591,73.508,10,3.9,mb,15,135.8,,0.94,us,usp000e1ne,2014-11-07T01:27:22.741Z,"24 km N of Muzaffar?b?d, Pakistan",earthquake,,,,4,reviewed,us,us
2005-10-12T05:15:15.165Z,51.9083,-171.6876,33.3,2.7,ml,,,,0.84,ak,ak005d3f8boc,2019-02-13T03:33:14.894Z,"175 km ESE of Atka, Alaska",earthquake,,371.3,,,reviewed,ak,ak
2005-10-12T04:47:27.890Z,-11.306,119.461,4.1,5,mwc,59,54,,0.86,us,usp000e1nc,2025-12-19T22:39:06.516Z,"202 km SSW of Waingapu, Indonesia",earthquake,,,,,reviewed,us,hrv
2005-10-12T04:30:15.490Z,37.912,141.923,46.5,5,mwr,79,121.2,,0.89,us,usp000e1nb,2014-11-07T01:27:22.724Z,"78 km SE of Ishinomaki, Japan",earthquake,,,,,reviewed,us,nied
2005-10-12T04:29:11.810Z,19.3153333,-155.2221667,8.522,2.83,ml,36,77,,0.13,hv,hv5454194,2020-03-31T21:30:10.410Z,"14 km S of Volcano, Hawaii",earthquake,0.41,0.46,0.12,10,reviewed,hv,hv
2005-10-12T04:04:34.200Z,36.63,27.05,8,3.2,md,6,115.1,,,us,usp000e1na,2014-11-07T01:27:22.723Z,"7 km WNW of Mandráki, Greece",earthquake,,,,,reviewed,ath,isk
2005-10-12T03:12:44.500Z,17.042,-100.198,10,3.7,md,6,157.2,,,us,usp000e1n9,2014-11-07T01:27:22.722Z,"5 km E of El Papayo, Mexico",earthquake,,,,,reviewed,unm,unm
2005-10-12T03:02:10.700Z,-33.746,-72.035,10.3,2.8,ml,11,296.1,,,us,usp000e1n8,2014-11-07T01:27:22.720Z,"43 km WSW of San Antonio, Chile",earthquake,,,,,reviewed,guc,guc
2005-10-12T02:55:01.910Z,34.682,73.523,10,3.5,mb,19,123.9,,1.29,us,usp000e1n7,2014-11-07T01:27:22.718Z,"34 km N of Muzaffar?b?d, Pakistan",earthquake,,,,4,reviewed,us,us
2005-10-12T02:29:15.400Z,-31.69,-71.711,22,2.8,ml,5,225.6,,,us,usp000e1n6,2014-11-07T01:27:22.716Z,"51 km W of Illapel, Chile",earthquake,,,,,reviewed,guc,guc
2005-10-12T02:16:37.570Z,-11.481,119.592,10,3.9,mb,8,153.9,,1.32,us,usp000e1n5,2014-11-07T01:27:22.715Z,"214 km SSW of Waingapu, Indonesia",earthquake,,,,1,reviewed,us,us
2005-10-12T02:04:32.048Z,63.2929,-150.5046,133.6,2.5,ml,,,,0.69,ak,ak005d3ddpac,2019-02-13T03:33:07.248Z,"66 km ESE of Denali National Park, Alaska",earthquake,,3.7,,,reviewed,ak,ak
2005-10-12T01:50:49.600Z,-34.803,-70.339,150,2.7,md,9,294.3,,,us,usp000e1n3,2014-11-07T01:27:22.709Z,"64 km SE of Rengo, Chile",earthquake,,,,,reviewed,guc,guc
2005-10-12T01:46:59.040Z,-25.135,179.761,548.3,4.4,mb,10,131,,0.89,us,usp000e1n2,2014-11-07T01:27:22.707Z,"south of the Fiji Islands",earthquake,,22.7,,3,reviewed,us,us
2005-10-12T01:09:47.100Z,-31.715,-71.69,26.4,4.9,mb,38,120.6,,,us,usp000e1n1,2014-11-07T01:27:22.703Z,"50 km W of Illapel, Chile",earthquake,,,,4,reviewed,guc,us
2005-10-12T00:04:29.100Z,-31.714,-71.713,25.1,3.2,ml,10,211,,,us,usp000e1n0,2014-11-07T01:27:22.701Z,"52 km W of Illapel, Chile",earthquake,,,,,reviewed,guc,guc
2005-10-11T23:44:30.310Z,17.846,-68.868,133.7,3.8,md,6,344.4,,,us,usp000e1mz,2014-11-07T01:27:22.699Z,"64 km SSW of Boca de Yuma, Dominican Republic",earthquake,,,,,reviewed,rspr,rspr
2005-10-11T23:06:15.390Z,22.196,143.969,112.1,4.5,mb,10,202.1,,1.41,us,usp000e1mx,2014-11-07T01:27:22.694Z,"Volcano Islands, Japan region",earthquake,,,,2,reviewed,us,us
2005-10-11T22:53:53.120Z,33.078,76.208,10,4.1,mb,8,310.1,,0.92,us,usp000e1mw,2014-11-07T01:27:22.692Z,"47 km ENE of Bhadarw?h, India",earthquake,,,,3,reviewed,us,us
2005-10-11T22:46:01.050Z,19.73,-64.41,50.5,3.5,md,7,311.2,,,us,usp000e1mv,2014-11-07T01:27:22.690Z,"160 km NNE of Cruz Bay, U.S. Virgin Islands",earthquake,,,,,reviewed,rspr,rspr
2005-10-11T22:23:52.630Z,21.484,120.022,20,3.9,mb,12,115.5,,1.18,us,usp000e1mu,2014-11-07T01:27:22.688Z,"94 km SW of Hengchun, Taiwan",earthquake,,58.9,,1,reviewed,us,us
2005-10-11T21:58:56.310Z,29.478,132.163,26.5,4.5,mwr,51,95.9,,0.84,us,usp000e1mt,2014-11-07T01:27:22.681Z,"177 km SE of Koseda, Japan",earthquake,,12.5,,,reviewed,us,nied
2005-10-11T21:27:57.090Z,34.069,73.748,10,3.5,mb,12,200.9,,0.94,us,usp000e1mr,2014-11-07T01:27:22.678Z,"23 km N of Rawala Kot, Pakistan",earthquake,,,,4,reviewed,us,us
2005-10-11T21:13:10.210Z,34.079,73.565,10,3.7,mb,8,214.7,,0.99,us,usp000e1mq,2014-11-07T01:27:22.677Z,"24 km NE of Murree, Pakistan",earthquake,,,,2,reviewed,us,us
2005-10-11T20:51:15.050Z,34.275,73.868,13.9,4.2,mb,26,67.2,,1.43,us,usp000e1mp,2014-11-07T01:27:22.674Z,"27 km NW of Uri, India",earthquake,,36.7,,6,reviewed,us,us
2005-10-11T20:16:03.893Z,61.1403,-150.2233,46.7,2.6,ml,,,,0.74,ak,ak005d20mo3p,2019-02-13T03:32:59.672Z,"19 km WSW of Anchorage, Alaska",earthquake,,4.7,,,reviewed,ak,ak
2005-10-11T20:14:27.300Z,-33.64,-70.406,96.4,2.6,md,10,208.1,,,us,usp000e1mm,2014-11-07T01:27:22.669Z,"16 km E of Puente Alto, Chile",earthquake,,,,,reviewed,guc,guc
2005-10-11T20:12:18.250Z,34.42,73.704,10,4.6,mb,9,210.9,,0.89,us,usp000e1mk,2014-11-07T01:27:22.668Z,"22 km ENE of Muzaffar?b?d, Pakistan",earthquake,,,,2,reviewed,us,us
2005-10-11T19:53:58.680Z,40.5695,-124.9766667,14.567,2.79,md,19,268,0.4973,0.11,nc,nc21489022,2017-01-12T20:52:27.171Z,"60 km W of Ferndale, California",earthquake,1.9,1.87,0.04,7,reviewed,nc,nc
2005-10-11T19:21:30.650Z,34.829,73.056,10,3.7,mb,12,295.3,,0.64,us,usp000e1mj,2014-11-07T01:27:22.666Z,"17 km N of Battagram, Pakistan",earthquake,,,,2,reviewed,us,us
2005-10-11T18:56:36.119Z,38.2366,-117.8789,7.6,2.8,ml,20,118.39,0.293,0.103,nn,nn00165146,2018-04-24T20:55:23.328Z,"26 km SE of Mina, Nevada",earthquake,,5.6,,,reviewed,nn,nn
2005-10-11T17:35:49.000Z,34.747,73.2,10,4.3,mb,35,65.4,,1.34,us,usp000e1mh,2014-11-07T01:27:22.663Z,"17 km ENE of Battagram, Pakistan",earthquake,,,,13,reviewed,us,us
2005-10-11T17:34:18.380Z,34.414,73.2,10,3.2,mb,11,200,,0.66,us,usp000e1mg,2014-11-07T01:27:22.661Z,"3 km SW of Baffa, Pakistan",earthquake,,,,3,reviewed,us,us
2005-10-11T16:58:10.260Z,34.704,73.151,10,3.4,mb,11,200.9,,1.15,us,usp000e1mf,2014-11-07T01:27:22.660Z,"12 km ENE of Battagram, Pakistan",earthquake,,,,3,reviewed,us,us
2005-10-11T16:57:21.900Z,-44.19,168.64,5,3.8,ml,18,170.2,,,us,usp000e1me,2014-11-07T01:27:22.657Z,"69 km NW of Wanaka, New Zealand",earthquake,,,,,reviewed,wel,wel
2005-10-11T15:53:20.630Z,34.589,73.573,10,4.2,mb,24,138.4,,1.14,us,usp000e1md,2014-11-07T01:27:22.654Z,"26 km NNE of Muzaffar?b?d, Pakistan",earthquake,,,,11,reviewed,us,us
2005-10-11T15:45:56.100Z,38.495,13.506,12.5,2.6,md,4,191,,,us,usp000e1mc,2014-11-07T01:27:22.653Z,"36 km SE of Ustica, Italy",earthquake,,,,,reviewed,rom,rom
2005-10-11T15:36:34.020Z,51.606,-173.534,10,2.9,ml,7,309.5,,,us,usp000e1mb,2019-02-13T03:33:05.732Z,"80 km SE of Atka, Alaska",earthquake,,,,,reviewed,aeic,aeic
2005-10-11T15:25:16.990Z,11.397,-61.557,35,4,mb,7,167.8,,1.41,us,usp000e1ma,2014-11-07T01:27:22.650Z,"73 km S of Saint David’s, Grenada",earthquake,,,,1,reviewed,us,us
2005-10-11T15:23:49.730Z,34.761,73.142,10,3.5,mb,17,203.8,,1.17,us,usp000e1m9,2014-11-07T01:27:22.648Z,"14 km NE of Battagram, Pakistan",earthquake,,,,5,reviewed,us,us
2005-10-11T15:23:00.500Z,-31.75,-70.125,126,2.7,md,9,124.6,,,us,usp000e1m8,2014-11-07T01:27:22.645Z,"79 km E of Salamanca, Chile",earthquake,,,,,reviewed,guc,guc
2005-10-11T15:05:39.660Z,4.82,95.098,30,5.9,mwb,503,22.7,,0.77,us,usp000e1m7,2022-07-14T14:17:09.661Z,"83 km SSW of Banda Aceh, Indonesia",earthquake,,,,,reviewed,us,us
2005-10-11T15:02:53.200Z,-32.468,-69.895,113.9,2.5,md,9,309.6,,,us,usp000e1m6,2014-11-07T01:27:22.581Z,"77 km ENE of Los Andes, Chile",earthquake,,,,,reviewed,guc,guc
2005-10-11T15:00:50.310Z,50.374,18.735,5,2.5,m,6,192.3,,1.3,us,usp000e1m5,2014-11-07T01:27:22.579Z,"2 km SW of Wieszowa, Poland",earthquake,,,,,reviewed,us,war
2005-10-11T14:50:12.710Z,34.378,72.903,10,2.9,mb,11,204.2,,1.16,us,usp000e1m4,2014-11-07T01:27:22.578Z,"27 km NW of Amirabad, Pakistan",earthquake,,,,2,reviewed,us,us
2005-10-11T14:48:17.540Z,42.196,88.672,35,4.1,mb,6,112.8,,0.55,us,usp000e1m3,2014-11-07T01:27:22.576Z,"93 km SSW of Turpan, China",earthquake,,,,1,reviewed,us,us
2005-10-11T14:46:32.700Z,35.78,27.28,10,3.3,md,8,145.3,,,us,usp000e1m2,2014-11-07T01:27:22.575Z,"30 km NNE of Karpathos, Greece",earthquake,,,,,reviewed,ath,ath
2005-10-11T14:45:16.050Z,46.1941667,-122.205,-1.634,2.5,md,14,128,,0.3,uw,uw10680143,2016-07-22T21:58:15.140Z,"36 km NNE of Amboy, Washington",earthquake,0.902,1.94,0.04,5,reviewed,uw,uw
2005-10-11T14:34:31.870Z,21.224,120.135,10,4.8,mb,21,104.4,,0.85,us,usp000e1m1,2014-11-07T01:27:22.572Z,"106 km SW of Hengchun, Taiwan",earthquake,,,,1,reviewed,us,us
2005-10-11T14:34:18.830Z,52.938,-165.613,4,2.5,ml,10,248.2,,,us,usp000e1m0,2019-02-13T03:33:05.313Z,"120 km SSE of Unalaska, Alaska",earthquake,,,,,reviewed,aeic,aeic
2005-10-11T14:33:09.530Z,-13.414,166.618,59.8,3.9,mb,10,162.9,,1.03,us,usp000e1kz,2014-11-07T01:27:22.569Z,"113 km WNW of Sola, Vanuatu",earthquake,,16.3,,1,reviewed,us,us
2005-10-11T14:21:03.140Z,12.144,92.39,20.5,4.8,mb,41,174.9,,0.66,us,usp000e1ky,2014-11-07T01:27:22.564Z,"60 km NW of Bamboo Flat, India",earthquake,,,,19,reviewed,us,us
2005-10-11T14:10:45.630Z,-31.44,-66.892,110.6,4.7,mwc,37,37.1,,0.98,us,usp000e1kx,2016-11-10T01:12:51.402Z,"104 km SSE of San Agustín de Valle Fértil, Argentina",earthquake,,5.7,,,reviewed,us,hrv
2005-10-11T13:42:58.830Z,34.461,72.976,10,3.4,mb,7,297.1,,0.93,us,usp000e1kw,2014-11-07T01:27:22.558Z,"22 km W of Baffa, Pakistan",earthquake,,,,1,reviewed,us,us
2005-10-11T12:57:26.650Z,-9.768,159.72,38.7,4,mb,10,180.9,,1.32,us,usp000e1kv,2014-11-07T01:27:22.557Z,"8 km S of Malango, Solomon Islands",earthquake,,15.2,,2,reviewed,us,us
2005-10-11T12:53:01.870Z,34.307,73.225,18.4,3.4,mb,13,266.7,,0.58,us,usp000e1ku,2014-11-07T01:27:22.555Z,"3 km SE of Mansehra, Pakistan",earthquake,,49.8,,2,reviewed,us,us
2005-10-11T12:27:06.491Z,59.6134,-154.3555,192.6,3.5,ml,,,,0.94,ak,ak005d1vxkc9,2019-02-13T03:32:58.331Z,"9 km NE of Pope-Vannoy Landing, Alaska",earthquake,,6.9,,,reviewed,ak,ak
2005-10-11T12:17:52.850Z,-0.473,98.68,50,4.6,mb,10,208.4,,0.79,us,usp000e1ks,2014-11-07T01:27:22.548Z,"161 km W of Pariaman, Indonesia",earthquake,,0,,2,reviewed,us,us
2005-10-11T11:51:18.790Z,34.139,73.515,10,3.6,mb,16,201,,0.86,us,usp000e1kr,2014-11-07T01:27:22.546Z,"25 km S of Muzaffar?b?d, Pakistan",earthquake,,,,5,reviewed,us,us
2005-10-11T10:58:16.060Z,-23.438,179.504,485,4.3,mb,8,137.5,,1.17,us,usp000e1kq,2014-11-07T01:27:22.545Z,"south of the Fiji Islands",earthquake,,29.4,,1,reviewed,us,us
2005-10-11T10:55:04.640Z,34.36,73.928,10,3.9,mb,19,200.6,,1.07,us,usp000e1kp,2014-11-07T01:27:22.542Z,"32 km NNW of Uri, India",earthquake,,,,5,reviewed,us,us
2005-10-11T10:48:30.532Z,61.8353,-149.6565,40.1,2.6,ml,,,,0.91,ak,ak005d1uv90t,2019-02-13T03:32:57.103Z,"22 km ENE of Willow, Alaska",earthquake,,1.7,,,reviewed,ak,ak
2005-10-11T10:46:47.480Z,52.5,-176.351,203.2,2.6,m,4,245.1,,,us,usp000e1km,2019-02-13T03:33:04.262Z,"72 km NNE of Adak, Alaska",earthquake,,,,,reviewed,aeic,aeic
2005-10-11T10:39:40.650Z,34.691,72.951,10,4.2,mb,9,201,,0.9,us,usp000e1kk,2014-11-07T01:27:22.535Z,"3 km WNW of Shingli Bala, Pakistan",earthquake,,,,1,reviewed,us,us
2005-10-11T10:37:15.310Z,-27.632,-176.988,39.4,4.8,mb,15,137.1,,1.37,us,usp000e1kj,2014-11-07T01:27:22.532Z,"Kermadec Islands region",earthquake,,29,,4,reviewed,us,us
2005-10-11T10:27:51.860Z,34.479,73.104,10,3.9,mb,9,203.9,,1.26,us,usp000e1kh,2014-11-07T01:27:22.530Z,"11 km WNW of Baffa, Pakistan",earthquake,,,,2,reviewed,us,us
2005-10-11T09:41:41.710Z,2.502,95.803,30,4.5,mb,9,224.7,,1.38,us,usp000e1kf,2014-11-07T01:27:22.439Z,"64 km W of Sinabang, Indonesia",earthquake,,,,2,reviewed,us,us
2005-10-11T09:38:49.710Z,43.069,83.53,39.9,4.1,mb,16,137.5,,1,us,usp000e1ke,2014-11-07T01:27:22.364Z,"45 km SSE of Xinyuan, China",earthquake,,12.7,,1,reviewed,us,us
2005-10-11T09:33:54.010Z,54.308,-162.507,2.6,2.7,ml,11,249.4,,,us,usp000e1kd,2019-02-13T03:32:56.299Z,"84 km SE of False Pass, Alaska",earthquake,,,,,reviewed,aeic,aeic
2005-10-11T08:56:52.300Z,46.1956667,-122.1961667,-1.17,2.8,md,14,111,,0.1,uw,uw10680038,2016-07-22T21:58:12.510Z,"Washington",earthquake,0.262,0.41,0.03,6,reviewed,uw,uw
2005-10-11T08:16:21.250Z,-11.649,165.252,45,4.4,mb,5,283.3,,1.24,us,usp000e1kc,2014-11-07T01:27:22.360Z,"118 km SSW of Lata, Solomon Islands",earthquake,,0,,1,reviewed,us,us
2005-10-11T07:45:11.890Z,34.306,73.981,10,3.5,mb,11,304.6,,0.55,us,usp000e1kb,2014-11-07T01:27:22.357Z,"25 km NNW of Uri, India",earthquake,,,,2,reviewed,us,us
2005-10-11T07:32:18.009Z,61.5859,-151.013,62.1,3.3,ml,,,,0.76,ak,ak005d1szhs8,2019-02-13T03:32:55.777Z,"27 km W of Susitna, Alaska",earthquake,,0.6,,,reviewed,ak,ak
2005-10-11T06:32:00.870Z,34.4,73.265,10,3.4,mb,13,206.7,,1.12,us,usp000e1k9,2014-11-07T01:27:22.350Z,"5 km SE of Baffa, Pakistan",earthquake,,,,2,reviewed,us,us
2005-10-11T06:19:09.500Z,16.037,-98.403,15,3.7,md,4,262.8,,,us,usp000e1k8,2014-11-07T01:27:22.348Z,"31 km SW of Corralero, Mexico",earthquake,,,,,reviewed,unm,unm
2005-10-11T06:07:20.300Z,14.587,-93.302,43.7,4,mb,18,134.2,,0.92,us,usp000e1k7,2014-11-07T01:27:22.346Z,"91 km SW of El Arenal, Mexico",earthquake,,29.8,,9,reviewed,us,us
2005-10-11T05:57:47.490Z,34.769,73.106,10,3.7,mb,27,101.6,,0.97,us,usp000e1k6,2014-11-07T01:27:22.343Z,"12 km NE of Battagram, Pakistan",earthquake,,,,7,reviewed,us,us
2005-10-11T05:55:41.546Z,54.2967,-152.9553,43,3,ml,,,,0.88,ak,ak005d1rxluy,2019-02-13T03:33:02.677Z,"south of Alaska",earthquake,,569.7,,,reviewed,ak,ak
2005-10-11T05:44:27.800Z,35.58,27.47,21,4.9,mwc,351,41.7,,,us,usp000e1k5,2016-11-10T01:12:50.890Z,"24 km ENE of Karpathos, Greece",earthquake,,,,,reviewed,ath,hrv
2005-10-11T05:08:14.481Z,65.7652,-151.1623,29.4,3.1,ml,,,,0.58,ak,ak005d1rnh48,2019-02-13T03:32:54.234Z,"54 km WNW of Rampart, Alaska",earthquake,,10,,,reviewed,ak,ak
2005-10-11T05:05:33.730Z,14.446,-98.019,10,4.2,md,5,295.2,,1.35,us,usp000e1k3,2014-11-07T01:27:22.304Z,"184 km SSW of Río Grande, Mexico",earthquake,,0,,,reviewed,us,unm
2005-10-11T04:28:10.300Z,15.83,-97.839,1,4.4,mb,11,280.1,,1.27,us,usp000e1k2,2014-11-07T01:27:22.302Z,"33 km SSW of San José del Progreso, Mexico",earthquake,,31.7,,1,reviewed,us,us
2005-10-11T04:17:05.690Z,15.533,-98.796,60.4,4.1,mb,7,265,,1.37,us,usp000e1k1,2014-11-07T01:27:22.300Z,"96 km SSW of Santiago Tepextla, Mexico",earthquake,,21.5,,1,reviewed,us,us
2005-10-11T03:40:25.520Z,57.998,-142.364,65.8,3.7,ml,33,171.1,,,us,usp000e1k0,2019-02-13T03:32:53.467Z,"230 km SW of Yakutat, Alaska",earthquake,,,,,reviewed,aeic,pmr
2005-10-11T03:37:56.850Z,10.894,92.296,22.8,5.4,mwb,319,19.6,,0.74,us,usp000e1jz,2022-05-02T18:04:02.423Z,"98 km SSW of Port Blair, India",earthquake,,,,,reviewed,us,us
2005-10-11T03:20:07.960Z,38.7731667,-122.732,2.02,2.57,md,54,38,0.01171,0.1,nc,nc21488951,2017-01-12T20:47:46.130Z,"5 km S of Cobb, California",earthquake,0.16,0.26,0.13,40,reviewed,nc,nc
2005-10-11T02:59:27.097Z,65.6774,-145.0869,14.3,2.7,ml,,,,0.87,ak,ak005d1q64sl,2019-02-13T03:32:52.800Z,"17 km NW of Central, Alaska",earthquake,,14.1,,,reviewed,ak,ak
2005-10-11T02:57:17.170Z,34.721,73.324,10,4.5,mb,44,108,,1.24,us,usp000e1jx,2014-11-07T01:27:22.258Z,"27 km E of Battagram, Pakistan",earthquake,,,,13,reviewed,us,us
2005-10-11T02:19:42.400Z,40.17,19.46,18,3.5,md,4,243.3,,,us,usp000e1jw,2014-11-07T01:27:22.257Z,"17 km S of Orikum, Albania",earthquake,,,,,reviewed,ath,ath
2005-10-11T01:57:12.140Z,53.446,-163.88,1,3.3,ml,33,211.7,,,us,usp000e1jv,2019-02-13T03:32:52.358Z,"146 km ESE of Akutan, Alaska",earthquake,,,,,reviewed,aeic,aeic
2005-10-11T01:24:21.430Z,34.751,73.242,10,3.8,mb,23,111.3,,1.36,us,usp000e1ju,2014-11-07T01:27:22.252Z,"21 km ENE of Battagram, Pakistan",earthquake,,,,4,reviewed,us,us
2005-10-11T01:18:34.200Z,48.086,7.797,12,3.1,ml,57,40.1,,,us,usp000e1jt,2014-11-07T01:27:22.243Z,"4 km ESE of Eichstetten, Germany",earthquake,,,,,reviewed,ldg,ldg
2005-10-11T01:10:55.510Z,6.285,-77.371,85.8,3.9,mb,9,86.9,,0.8,us,usp000e1js,2014-11-07T01:27:22.242Z,"7 km NNE of Bahía Solano, Colombia",earthquake,,35.8,,1,reviewed,us,us
2005-10-11T01:10:45.770Z,-68.338,163.79,10,4.9,mb,16,137.4,,1.07,us,usp000e1jr,2014-11-07T01:27:22.239Z,"Balleny Islands region",earthquake,,0,,7,reviewed,us,us
2005-10-11T00:59:41.360Z,13.468,-88.122,101.2,4.4,md,12,109.5,,1.12,us,usp000e1jq,2014-11-07T01:27:22.238Z,"6 km ESE of San Miguel, El Salvador",earthquake,,19.1,,,reviewed,us,snet
2005-10-11T00:58:26.384Z,52.7402,-170.0776,8.4,2.6,ml,,,,1.19,ak,ak005d1oz1ta,2019-02-13T03:33:01.909Z,"84 km WSW of Nikolski, Alaska",earthquake,,398,,,reviewed,ak,ak
2005-10-11T00:11:17.752Z,59.9595,-151.4654,41.5,2.5,ml,,,,0.55,ak,ak005d1ooyhr,2019-02-13T03:32:51.879Z,"14 km E of Happy Valley, Alaska",earthquake,,0.8,,,reviewed,ak,ak
2005-10-10T23:17:10.600Z,38.489,14.623,31.5,2.5,ml,5,192.8,,,us,usp000e1jp,2014-11-07T01:27:22.237Z,"19 km WSW of Leni, Italy",earthquake,,,,,reviewed,rom,rom
2005-10-10T23:10:58.550Z,-7.46,128.055,143.7,4.5,mb,35,87.6,,1.21,us,usp000e1jn,2014-11-07T01:27:22.233Z,"165 km NE of Lospalos, Timor Leste",earthquake,,15.5,,11,reviewed,us,us
2005-10-10T22:25:49.530Z,46.7035,-122.7755,0.98,2.5,md,10,83,0.06042,0.1,uw,uw10679868,2016-07-22T21:58:08.620Z,"12 km SE of Bucoda, Washington",explosion,0.474,0.71,0.02,3,reviewed,uw,uw
2005-10-10T22:16:21.210Z,53.851,-163.978,24.6,3.4,ml,30,209.8,,,us,usp000e1jk,2019-02-13T03:32:46.506Z,"117 km SSW of False Pass, Alaska",earthquake,,,,,reviewed,aeic,aeic
2005-10-10T22:16:00.490Z,34.778,73.066,10,3.8,mb,16,148.5,,0.74,us,usp000e1jj,2014-11-07T01:27:22.227Z,"11 km NNE of Battagram, Pakistan",earthquake,,,,3,reviewed,us,us
2005-10-10T21:57:27.450Z,4.637,94.704,30,4,mb,8,209.1,,0.93,us,usp000e1jh,2014-11-07T01:27:22.226Z,"121 km SW of Banda Aceh, Indonesia",earthquake,,,,2,reviewed,us,us
2005-10-10T21:53:24.080Z,34.115,73.855,10,3.1,mb,7,308.9,,0.32,us,usp000e1jg,2014-11-07T01:27:22.225Z,"18 km WNW of Uri, India",earthquake,,,,2,reviewed,us,us
2005-10-10T21:48:36.280Z,19.338,-67.06,24.8,3,md,4,336.8,,,us,usp000e1jf,2014-11-07T01:27:22.224Z,"92 km N of Isabela, Puerto Rico",earthquake,,,,,reviewed,rspr,rspr
2005-10-10T21:42:01.630Z,34.599,73.112,10,3.1,mb,9,214.8,,1.19,us,usp000e1je,2014-11-07T01:27:22.222Z,"11 km SE of Battagram, Pakistan",earthquake,,,,2,reviewed,us,us
2005-10-10T21:28:10.390Z,34.55,73.178,10,3.3,mb,12,199.9,,1.15,us,usp000e1jd,2014-11-07T01:27:22.220Z,"13 km NNW of Baffa, Pakistan",earthquake,,,,1,reviewed,us,us
2005-10-10T20:57:07.700Z,51.479,-176.145,56.3,2.6,ml,11,287.5,,,us,usp000e1jc,2019-02-13T03:32:51.098Z,"55 km SE of Adak, Alaska",earthquake,,,,,reviewed,aeic,aeic
2005-10-10T20:44:57.560Z,34.687,72.928,10,3.2,mb,9,183.6,,1.05,us,usp000e1jb,2014-11-07T01:27:22.216Z,"5 km W of Shingli Bala, Pakistan",earthquake,,,,2,reviewed,us,us
2005-10-10T20:26:44.100Z,8.035,91.916,30,4.3,mb,17,138.8,,0.82,us,usp000e1ja,2014-11-07T01:27:22.214Z,"Nicobar Islands, India region",earthquake,,,,8,reviewed,us,us
2005-10-10T20:03:04.970Z,34.44,73.503,10,3.6,mb,18,152.9,,1.14,us,usp000e1j9,2014-11-07T01:27:22.212Z,"8 km NNE of Muzaffar?b?d, Pakistan",earthquake,,,,6,reviewed,us,us
2005-10-10T20:00:32.370Z,34.52,73.752,10,3.6,mb,10,218.8,,0.54,us,usp000e1j8,2014-11-07T01:27:22.211Z,"30 km ENE of Muzaffar?b?d, Pakistan",earthquake,,,,3,reviewed,us,us
2005-10-10T19:51:54.520Z,30.242,83.389,35,4.4,mb,14,84.7,,0.8,us,usp000e1j7,2014-11-07T01:27:22.209Z,"158 km NE of Jumla, Nepal",earthquake,,,,2,reviewed,us,us
2005-10-10T19:50:06.180Z,34.817,73.173,10,4.2,mb,11,180.4,,1.03,us,usp000e1j6,2014-11-07T01:27:22.208Z,"20 km NE of Battagram, Pakistan",earthquake,,,,2,reviewed,us,us
2005-10-10T19:46:52.140Z,34.525,72.942,10,4,mb,11,192.9,,0.86,us,usp000e1j5,2014-11-07T01:27:22.206Z,"17 km SSW of Shingli Bala, Pakistan",earthquake,,,,2,reviewed,us,us
2005-10-10T19:41:24.930Z,-7.936,158.306,35,4,mb,5,174.5,,0.42,us,usp000e1j4,2014-11-07T01:27:22.205Z,"143 km W of Buala, Solomon Islands",earthquake,,,,1,reviewed,us,us
2005-10-10T19:19:36.080Z,34.686,72.953,10,3.8,mb,15,188.8,,0.95,us,usp000e1j3,2014-11-07T01:27:22.203Z,"3 km WNW of Shingli Bala, Pakistan",earthquake,,,,3,reviewed,us,us
2005-10-10T19:12:08.990Z,-32.341,179.943,300.3,4.3,mb,35,147.7,,1.34,us,usp000e1j2,2014-11-07T01:27:22.200Z,"south of the Kermadec Islands",earthquake,,10,,7,reviewed,us,us
2005-10-10T19:11:20.300Z,-32.697,-71.725,15,2.8,ml,11,278.9,,,us,usp000e1j1,2014-11-07T01:27:22.198Z,"38 km NNW of Valparaíso, Chile",earthquake,,,,,reviewed,guc,guc
2005-10-10T18:39:30.450Z,33.8703333,-116.7535,15.955,2.61,ml,71,21,0.05173,0.24,ci,ci10146673,2016-03-07T19:37:35.981Z,"6km SSE of Cabazon, CA",earthquake,0.24,0.57,0.19,125,reviewed,ci,ci
2005-10-10T18:38:30.790Z,35.731,-116.2465,3.599,3.34,ml,22,115,0.1698,0.2,ci,ci10146669,2018-04-24T20:55:22.190Z,"13km S of Tecopa, CA",earthquake,0.36,0.94,0.314,169,reviewed,ci,ci
2005-10-10T18:32:09.360Z,34.185,73.521,10,3.8,mb,8,189.9,,1.03,us,usp000e1hz,2014-11-07T01:27:22.195Z,"21 km SSE of Muzaffar?b?d, Pakistan",earthquake,,,,3,reviewed,us,us
2005-10-10T18:08:36.200Z,-32.857,-70.159,102.1,3.3,md,18,203.5,,,us,usp000e1hy,2014-11-07T01:27:22.192Z,"41 km E of Los Andes, Chile",earthquake,,,,,reviewed,guc,guc
2005-10-10T18:06:56.670Z,36.387,71.053,188.6,3.5,mb,12,201.2,,0.65,us,usp000e1hx,2014-11-07T01:27:22.191Z,"54 km SW of Ashk?sham, Afghanistan",earthquake,,27,,4,reviewed,us,us
2005-10-10T17:51:27.360Z,11.626,92.847,30,4.1,mb,15,190.4,,0.47,us,usp000e1hw,2014-11-07T01:27:22.189Z,"11 km ESE of Port Blair, India",earthquake,,,,5,reviewed,us,us
2005-10-10T17:46:58.610Z,34.784,73.358,10,3.4,mb,15,156.4,,1.16,us,usp000e1hv,2014-11-07T01:27:22.187Z,"32 km ENE of Battagram, Pakistan",earthquake,,,,3,reviewed,us,us
2005-10-10T17:37:55.070Z,7.795,91.714,30,4.4,mb,10,187.4,,1.05,us,usp000e1hu,2014-11-07T01:27:22.186Z,"Nicobar Islands, India region",earthquake,,,,5,reviewed,us,us
2005-10-10T17:25:34.590Z,-8.209,117.994,30,3.9,mb,13,125.7,,0.84,us,usp000e1ht,2014-11-07T01:27:22.184Z,"60 km ENE of Pototano, Indonesia",earthquake,,,,2,reviewed,us,us
2005-10-10T16:07:00.280Z,-45.62,-76.566,35,5.1,mwc,21,137.7,,0.77,us,usp000e1hs,2025-12-19T23:23:17.432Z,"293 km W of Puerto Chacabuco, Chile",earthquake,,,,,reviewed,us,hrv
2005-10-10T15:48:08.140Z,-4.74,153.054,73.1,4.3,mb,14,165.8,,0.37,us,usp000e1hr,2014-11-07T01:27:22.179Z,"97 km ESE of Kokopo, Papua New Guinea",earthquake,,11.4,,5,reviewed,us,us
2005-10-10T15:35:49.090Z,51.542,16.17,5,2.5,m,18,87.3,,0.8,us,usp000e1hq,2014-11-07T01:27:22.175Z,"6 km S of Gr?bocice, Poland",earthquake,,,,,reviewed,us,war
2005-10-10T15:32:00.530Z,13.433,125.296,21.3,4.4,mb,18,131.2,,0.76,us,usp000e1hp,2014-11-07T01:27:22.173Z,"89 km NNE of Cabodiongan, Philippines",earthquake,,23.2,,5,reviewed,us,us
2005-10-10T15:26:59.960Z,35.216,31.723,10,3.5,ml,5,328.9,,,us,usp000e1hn,2014-11-07T01:27:22.172Z,"67 km WNW of Pólis, Cyprus",earthquake,,,,,reviewed,nic,nic
2005-10-10T15:26:34.490Z,6.665,126.804,87.4,4.1,mb,14,128.1,,0.59,us,usp000e1hm,2014-11-07T01:27:22.170Z,"56 km SE of Lukatan, Philippines",earthquake,,16.1,,4,reviewed,us,us
2005-10-10T15:13:03.620Z,34.513,73.087,10,4.3,mb,10,200,,0.87,us,usp000e1hk,2014-11-07T01:27:22.168Z,"15 km WNW of Baffa, Pakistan",earthquake,,,,1,reviewed,us,us
2005-10-10T15:08:45.300Z,35.44,22.64,30,4,ml,76,111.5,,,us,usp000e1hj,2014-11-07T01:27:22.158Z,"84 km SSW of Kýthira, Greece",earthquake,,,,,reviewed,ath,ath
2005-10-10T14:51:35.100Z,-33.174,-68.271,5,3.2,ml,15,123.2,,,us,usp000e1hh,2014-11-07T01:27:22.155Z,"21 km ESE of San Martín, Argentina",earthquake,,,,,reviewed,guc,guc
2005-10-10T14:45:53.640Z,-10.732,111.87,35,4.3,mb,10,166,,0.73,us,usp000e1hg,2014-11-07T01:27:22.153Z,"289 km S of Boyolangu, Indonesia",earthquake,,,,3,reviewed,us,us
2005-10-10T14:34:38.540Z,63.1024,-144.5219,1.5,2.6,ml,,,,0.94,ak,ak005d09mnji,2019-02-13T03:32:46.109Z,"43 km WNW of Mentasta Lake, Alaska",earthquake,,1.9,,,reviewed,ak,ak
2005-10-10T14:28:44.000Z,-38.36,175.91,192,4.2,m,50,188.4,,,us,usp000e1he,2014-11-07T01:27:22.145Z,"14 km SSE of Tokoroa, New Zealand",earthquake,,,,,reviewed,wel,wel
2005-10-10T14:20:50.530Z,31.576,144.165,38.3,4.6,mb,8,235.1,,0.33,us,usp000e1hd,2014-11-07T01:27:22.144Z,"East of the Izu Islands",earthquake,,26.1,,2,reviewed,us,us
2005-10-10T14:15:08.580Z,36.476,70.552,194.9,4.3,mb,50,69.6,,0.92,us,usp000e1hc,2014-11-07T01:27:22.139Z,"49 km SSW of Jurm, Afghanistan",earthquake,,13.5,,21,reviewed,us,us
2005-10-10T13:59:55.110Z,7.589,93.684,30,4,mb,8,217.1,,0.9,us,usp000e1hb,2014-11-07T01:27:22.138Z,"260 km NW of Sabang, Indonesia",earthquake,,,,2,reviewed,us,us
2005-10-10T13:28:17.390Z,34.573,73.337,10,4.6,mb,36,87.7,,1,us,usp000e1h9,2014-11-07T01:27:22.133Z,"18 km NE of Baffa, Pakistan",earthquake,,,,11,reviewed,us,us
2005-10-10T13:17:13.510Z,51.679,-175.168,25.7,2.7,ml,13,225.9,,,us,usp000e1h8,2019-02-13T03:32:45.741Z,"87 km SW of Atka, Alaska",earthquake,,,,,reviewed,aeic,aeic
2005-10-10T13:06:48.020Z,34.851,73.103,10,4.4,mb,15,141.6,,1.27,us,usp000e1h7,2014-11-07T01:27:22.129Z,"20 km NNE of Battagram, Pakistan",earthquake,,,,3,reviewed,us,us
2005-10-10T13:03:44.250Z,-8.752,123.981,35,4.7,mb,13,152.9,,1.14,us,usp000e1h6,2014-11-07T01:27:22.127Z,"66 km NW of Pante Makasar, Timor Leste",earthquake,,,,3,reviewed,us,us
2005-10-10T12:49:53.310Z,10.827,-62.183,64,3.1,md,7,207.4,,,us,usp000e1h5,2014-11-07T01:27:22.126Z,"near the coast of Venezuela",earthquake,,,,,reviewed,trn,trn
2005-10-10T12:44:55.300Z,48.048,-2.638,6,2.5,ml,6,120.2,,,us,usp000e1h4,2014-11-07T01:27:22.124Z,"6 km NW of Lanouée, France",earthquake,,,,,reviewed,ldg,ldg
2005-10-10T12:43:01.660Z,34.708,73.026,10,4.4,mb,32,107.9,,1,us,usp000e1h3,2014-11-07T01:27:22.121Z,"3 km N of Battagram, Pakistan",earthquake,,,,10,reviewed,us,us
2005-10-10T12:38:12.010Z,34.764,73.038,10,4.9,mwc,111,39.1,,0.89,us,usp000e1h2,2016-11-10T01:12:49.383Z,"9 km N of Battagram, Pakistan",earthquake,,,,,reviewed,us,hrv
2005-10-10T12:24:16.701Z,51.204,-178.2326,23.4,2.9,ml,,,,0.54,ak,ak005d08dlhi,2019-02-13T03:32:49.451Z,"133 km SW of Adak, Alaska",earthquake,,9.4,,,reviewed,ak,ak
2005-10-10T12:12:03.900Z,-29.586,-71.539,47.6,4,md,15,149.7,,,us,usp000e1h1,2014-11-07T01:27:22.108Z,"45 km NNW of Coquimbo, Chile",earthquake,,,,,reviewed,guc,guc
2005-10-10T12:01:36.000Z,5.571,94.52,30,4.7,mb,11,177.7,,0.72,us,usp000e1h0,2014-11-07T01:27:22.107Z,"90 km W of Banda Aceh, Indonesia",earthquake,,,,1,reviewed,us,us
2005-10-10T11:51:51.150Z,13.315,124.705,35,4.7,mb,12,142.6,,0.95,us,usp000e1gz,2014-11-07T01:27:22.105Z,"54 km SE of Bato, Philippines",earthquake,,,,5,reviewed,us,us
2005-10-10T11:50:37.900Z,34.206,73.045,10,3.8,mb,9,182.8,,1.16,us,usp000e1gy,2014-11-07T01:27:22.103Z,"4 km WNW of Amirabad, Pakistan",earthquake,,,,3,reviewed,us,us
2005-10-10T11:34:31.690Z,13.583,125.968,35,4.4,mb,10,157.8,,1.34,us,usp000e1gx,2014-11-07T01:27:22.102Z,"Philippine Islands region",earthquake,,,,4,reviewed,us,us
2005-10-10T11:25:20.220Z,34.761,72.889,10,4.6,mb,48,141.5,,1.11,us,usp000e1gw,2014-11-07T01:27:22.097Z,"12 km NW of Shingli Bala, Pakistan",earthquake,,,,16,reviewed,us,us
2005-10-10T11:08:25.510Z,13.42,125.077,6.9,5.8,mwb,170,34,,0.87,us,usp000e1gv,2022-05-02T18:04:01.050Z,"83 km N of Cabodiongan, Philippines",earthquake,,10.8,,,reviewed,us,us
2005-10-10T11:01:22.970Z,19.754,-64.558,15.4,3.6,md,7,311,,,us,usp000e1gu,2014-11-07T01:27:22.069Z,"159 km N of Cruz Bay, U.S. Virgin Islands",earthquake,,,,,reviewed,rspr,rspr
2005-10-10T10:55:48.430Z,-6.881,105.459,30,5.5,mwc,95,34,,1.14,us,usp000e1gt,2022-05-02T18:03:55.726Z,"69 km SW of Labuan, Indonesia",earthquake,,,,,reviewed,us,hrv
2005-10-10T10:49:06.230Z,34.839,73.747,10,4.8,mb,108,36.1,,0.76,us,usp000e1gs,2022-05-02T18:03:49.574Z,"57 km NNE of Muzaffar?b?d, Pakistan",earthquake,,,,44,reviewed,us,us
2005-10-10T10:48:22.330Z,19.4978333,-155.4698333,2.224,2.54,ml,21,89,,0.09,hv,hv5453606,2020-03-31T21:29:14.380Z,"25 km WNW of Volcano, Hawaii",earthquake,0.39,1.75,0.18,8,reviewed,hv,hv
2005-10-10T10:38:11.410Z,34.576,73.194,10,4.2,mb,6,199.9,,1.55,us,usp000e1gr,2014-11-07T01:27:22.050Z,"Pakistan",earthquake,,,,2,reviewed,us,us
2005-10-10T10:36:20.420Z,34.635,73.284,10,4.6,mb,69,38.5,,0.95,us,usp000e1gq,2014-11-07T01:27:22.033Z,"22 km NNE of Baffa, Pakistan",earthquake,,,,21,reviewed,us,us
2005-10-10T10:27:25.060Z,54.187,-163.729,52.8,2.5,ml,19,211.7,,,us,usp000e1gp,2019-02-13T03:32:44.955Z,"77 km SSW of False Pass, Alaska",earthquake,,,,,reviewed,aeic,aeic
2005-10-10T10:20:28.300Z,-19.238,-174.323,35,4.5,mb,17,76.7,,1.55,us,usp000e1gn,2014-11-07T01:27:22.028Z,"63 km N of Pangai, Tonga",earthquake,,,,9,reviewed,us,us
2005-10-10T09:59:07.370Z,19.4901667,-155.4725,3.574,2.54,ml,33,61,,0.11,hv,hv5453592,2020-03-31T21:29:14.210Z,"25 km WNW of Volcano, Hawaii",earthquake,0.32,1.14,0.14,7,reviewed,hv,hv
2005-10-10T09:56:19.300Z,19.4901667,-155.4716667,2.984,2.83,ml,36,61,,0.11,hv,hv5453590,2020-03-31T21:29:14.030Z,"25 km WNW of Volcano, Hawaii",earthquake,0.29,1.11,0.12,10,reviewed,hv,hv
2005-10-10T09:50:14.210Z,19.494,-155.4711667,4.065,2.83,ml,36,43,,0.12,hv,hv5453586,2020-03-31T21:29:13.850Z,"25 km WNW of Volcano, Hawaii",earthquake,0.3,0.87,0.11,9,reviewed,hv,hv
2005-10-10T09:44:59.270Z,19.4951667,-155.4675,3.945,4.2,md,40,61,,0.13,hv,hv5453584,2020-04-21T20:24:22.776Z,"25 km WNW of Volcano, Hawaii",earthquake,0.35,0.85,,,reviewed,hv,hv
2005-10-10T09:30:40.350Z,34.458,73.019,10,3.3,mb,13,180.8,,0.96,us,usp000e1gk,2014-11-07T01:27:22.026Z,"18 km W of Baffa, Pakistan",earthquake,,,,2,reviewed,us,us
2005-10-10T09:16:28.900Z,47.319,10.519,10,2.5,ml,10,157.4,,1.43,us,usp000e1gj,2014-11-07T01:27:22.024Z,"1 km E of Häselgehr, Austria",earthquake,,0,,,reviewed,us,fbb
2005-10-10T09:07:56.010Z,-31.6,-177.883,46.4,5,mb,21,176.9,,1,us,usp000e1gh,2014-11-07T01:27:22.020Z,"Kermadec Islands region",earthquake,,17.5,,10,reviewed,us,us
2005-10-10T08:36:56.960Z,34.831,73.416,10,3.3,mb,10,167.5,,1.13,us,usp000e1gg,2014-11-07T01:27:22.018Z,"39 km ENE of Battagram, Pakistan",earthquake,,,,2,reviewed,us,us
2005-10-10T07:57:00.600Z,51.3,-178.312,24.5,3,ml,11,339,,,us,usp000e1gf,2019-02-13T03:32:44.170Z,"132 km WSW of Adak, Alaska",earthquake,,,,,reviewed,aeic,aeic
2005-10-10T07:39:42.550Z,23.959,122.211,35,3.7,mb,11,187.7,,0.8,us,usp000e1ge,2014-11-07T01:27:22.015Z,"61 km E of Hualien City, Taiwan",earthquake,,,,1,reviewed,us,us
2005-10-10T07:33:09.580Z,34.652,72.974,10,3.9,mb,9,201.1,,0.33,us,usp000e1gd,2014-11-07T01:27:22.013Z,"3 km SSW of Shingli Bala, Pakistan",earthquake,,,,3,reviewed,us,us
2005-10-10T06:56:57.700Z,71.22,-6.584,15,3.8,ml,9,112,,,us,usp000e1gc,2014-11-07T01:27:22.012Z,"84 km ENE of Olonkinbyen, Svalbard and Jan Mayen",earthquake,,,,,reviewed,ber,ber
2005-10-10T06:54:29.000Z,34.427,73.208,10,4,mb,31,103.4,,1.13,us,usp000e1gb,2014-11-07T01:27:22.008Z,"1 km SW of Baffa, Pakistan",earthquake,,,,8,reviewed,us,us
2005-10-10T06:43:36.760Z,19.684,-64.563,50.9,3.8,md,11,302,,,us,usp000e1ga,2014-11-07T01:27:22.006Z,"151 km N of Cruz Bay, U.S. Virgin Islands",earthquake,,,,,reviewed,rspr,rspr
2005-10-10T06:39:30.300Z,-31.323,-69.139,164.8,4.7,mb,7,115.8,,,us,usp000e1g9,2014-11-07T01:27:22.005Z,"26 km E of Calingasta, Argentina",earthquake,,,,1,reviewed,guc,us
2005-10-10T06:37:12.590Z,34.733,73.09,10,3.2,mb,9,200.9,,0.51,us,usp000e1g8,2014-11-07T01:27:22.003Z,"8 km NE of Battagram, Pakistan",earthquake,,,,2,reviewed,us,us
2005-10-10T06:24:40.060Z,8.485,126.762,35,4.3,mb,8,178.3,,1.14,us,usp000e1g7,2014-11-07T01:27:22.002Z,"48 km ENE of Hinatuan, Philippines",earthquake,,,,3,reviewed,us,us
2005-10-10T06:24:15.840Z,34.168,73.759,10,3.5,mb,12,200.8,,0.91,us,usp000e1g6,2014-11-07T01:27:22.000Z,"28 km WNW of Uri, India",earthquake,,,,4,reviewed,us,us
2005-10-10T06:01:58.960Z,34.483,73.945,10,4.7,mb,93,45,,0.88,us,usp000e1g5,2014-11-07T01:27:21.993Z,"45 km ENE of Muzaffar?b?d, Pakistan",earthquake,,,,38,reviewed,us,us
2005-10-10T05:47:53.050Z,38.8058333,-122.7908333,0.721,2.74,md,63,35,0.003604,0.07,nc,nc21488717,2017-01-12T20:36:11.350Z,"6 km WSW of Cobb, California",earthquake,0.12,0.15,0.13,42,reviewed,nc,nc
2005-10-10T05:47:26.640Z,24.141,122.361,35,4.4,mb,24,98.7,,1.02,us,usp000e1g4,2014-11-07T01:27:21.990Z,"74 km WSW of Yonakuni, Japan",earthquake,,,,4,reviewed,us,us
2005-10-10T05:21:53.020Z,34.772,73.421,10,3.2,mb,7,214.5,,0.66,us,usp000e1g3,2014-11-07T01:27:21.989Z,"37 km ENE of Battagram, Pakistan",earthquake,,,,1,reviewed,us,us
2005-10-10T05:00:33.490Z,34.328,73.845,10,3.5,mb,14,203.4,,0.75,us,usp000e1g2,2014-11-07T01:27:21.987Z,"33 km NW of Uri, India",earthquake,,,,4,reviewed,us,us
2005-10-10T04:57:27.878Z,60.1861,-153.153,140.6,3.3,ml,,,,0.7,ak,ak005d03t84z,2019-02-13T03:32:42.878Z,"64 km E of Port Alsworth, Alaska",earthquake,,0.5,,,reviewed,ak,ak
2005-10-10T04:55:50.900Z,34.743,72.769,10,3.2,mb,8,201.1,,0.93,us,usp000e1g0,2014-11-07T01:27:21.978Z,"21 km WNW of Shingli Bala, Pakistan",earthquake,,,,1,reviewed,us,us
2005-10-10T04:49:53.670Z,-17.828,-178.568,595.9,4,mb,23,118.5,,0.86,us,usp000e1fz,2014-11-07T01:27:21.976Z,"225 km E of Levuka, Fiji",earthquake,,10.8,,4,reviewed,us,us
2005-10-10T04:02:15.090Z,39.491,143.694,35,4.1,mwr,17,141.8,,1.07,us,usp000e1fx,2014-11-07T01:27:21.972Z,"150 km E of Yamada, Japan",earthquake,,,,,reviewed,us,nied
2005-10-10T03:43:48.700Z,34.597,73.494,10,3.7,mb,15,199.6,,0.89,us,usp000e1fw,2014-11-07T01:27:21.969Z,"25 km N of Muzaffar?b?d, Pakistan",earthquake,,,,3,reviewed,us,us
2005-10-10T03:41:25.510Z,34.614,72.942,10,3.2,mb,7,194.6,,0.25,us,usp000e1fv,2014-11-07T01:27:21.968Z,"8 km SSW of Shingli Bala, Pakistan",earthquake,,,,1,reviewed,us,us
2005-10-10T03:21:09.290Z,34.513,72.749,10,3.6,mb,7,168.4,,1.17,us,usp000e1fu,2014-11-07T01:27:21.967Z,"28 km SW of Shingli Bala, Pakistan",earthquake,,,,2,reviewed,us,us
2005-10-10T03:05:46.340Z,34.087,73.503,10,3.5,mb,14,200,,0.59,us,usp000e1ft,2014-11-07T01:27:21.965Z,"22 km NNE of Murree, Pakistan",earthquake,,,,4,reviewed,us,us
2005-10-10T02:58:02.920Z,34.512,73.229,10,3.5,mb,20,199.9,,0.82,us,usp000e1fs,2014-11-07T01:27:21.963Z,"8 km N of Baffa, Pakistan",earthquake,,,,4,reviewed,us,us
2005-10-10T02:48:43.300Z,34.491,73.887,10,4.5,mb,44,104.1,,0.82,us,usp000e1fr,2014-11-07T01:27:21.958Z,"40 km ENE of Muzaffar?b?d, Pakistan",earthquake,,,,19,reviewed,us,us
2005-10-10T02:41:37.430Z,34.493,73.128,10,3.3,mb,13,201.1,,0.84,us,usp000e1fq,2014-11-07T01:27:21.957Z,"Pakistan",earthquake,,,,3,reviewed,us,us
2005-10-10T02:20:10.570Z,34.517,73.051,10,3.2,mb,9,201.1,,1.23,us,usp000e1fp,2014-11-07T01:27:21.955Z,"17 km S of Battagram, Pakistan",earthquake,,,,2,reviewed,us,us
2005-10-10T02:07:45.640Z,5.683,94.639,30,4.7,mb,25,183.3,,0.98,us,usp000e1fn,2014-11-07T01:27:21.952Z,"78 km WSW of Sabang, Indonesia",earthquake,,,,9,reviewed,us,us
2005-10-10T02:03:30.350Z,-2.512,68.54,10,4.5,mb,11,89.7,,0.67,us,usp000e1fm,2014-11-07T01:27:21.950Z,"Carlsberg Ridge",earthquake,,,,3,reviewed,us,us
2005-10-10T01:47:37.000Z,34.549,73.224,10,3.9,mb,16,163.7,,0.88,us,usp000e1fk,2014-11-07T01:27:21.948Z,"12 km N of Baffa, Pakistan",earthquake,,,,4,reviewed,us,us
2005-10-10T01:14:18.070Z,34.467,72.921,10,3.4,mb,14,110.2,,1.55,us,usp000e1fj,2014-11-07T01:27:21.946Z,"Pakistan",earthquake,,,,3,reviewed,us,us
2005-10-10T01:07:08.820Z,12.159,94.7,30,4.2,mb,8,180.1,,0.39,us,usp000e1fh,2014-11-07T01:27:21.944Z,"219 km ENE of Port Blair, India",earthquake,,,,1,reviewed,us,us
2005-10-10T00:59:08.373Z,60.3118,-143.1161,1,2.7,ml,,,,0.55,ak,ak005d01fvn9,2019-02-13T03:38:33.579Z,"Southern Alaska",earthquake,,0,,,reviewed,ak,ak
2005-10-10T00:39:45.920Z,-20.47,-178.011,535.1,4.3,mb,24,103.3,,0.79,us,usp000e1fg,2014-11-07T01:27:21.941Z,"Fiji region",earthquake,,10.1,,5,reviewed,us,us
2005-10-10T00:34:58.440Z,34.342,73.407,10,3.1,mb,8,210.1,,1.42,us,usp000e1ff,2014-11-07T01:27:21.938Z,"Pakistan",earthquake,,,,1,reviewed,us,us
2005-10-10T00:29:37.900Z,-22.613,-69.154,69.2,3.7,md,5,154,,,us,usp000e1fe,2014-11-07T01:27:21.850Z,"29 km SW of Calama, Chile",earthquake,,,,,reviewed,guc,guc
2005-10-10T00:27:53.000Z,-33.042,-70.258,98.5,2.5,md,14,195.7,,,us,usp000e1fd,2014-11-07T01:27:21.648Z,"39 km SE of Los Andes, Chile",earthquake,,,,,reviewed,guc,guc
2005-10-10T00:20:32.340Z,34.683,73.084,10,3.3,mb,13,180.6,,0.76,us,usp000e1fc,2014-11-07T01:27:21.645Z,"5 km E of Battagram, Pakistan",earthquake,,,,2,reviewed,us,us
2005-10-10T00:08:51.320Z,34.767,73.257,10,3.3,mb,15,177.4,,0.86,us,usp000e1fb,2014-11-07T01:27:21.634Z,"23 km ENE of Battagram, Pakistan",earthquake,,,,4,reviewed,us,us
2005-10-09T23:13:19.460Z,52.62,-166.553,7.7,2.9,ml,12,273.4,,,us,usp000e1fa,2019-02-13T03:32:38.301Z,"140 km S of Unalaska, AK",earthquake,,,,,reviewed,aeic,aeic
2005-10-09T23:04:56.060Z,34.496,73.108,10,4.3,mb,15,201.1,,1.09,us,usp000e1f9,2014-11-07T01:27:21.546Z,"12 km WNW of Baffa, Pakistan",earthquake,,,,4,reviewed,us,us
2005-10-09T23:02:37.970Z,34.287,73.376,10,3.7,mb,13,272.9,,0.67,us,usp000e1f8,2014-11-07T01:27:21.539Z,"12 km SW of Muzaffar?b?d, Pakistan",earthquake,,,,2,reviewed,us,us
2005-10-09T23:02:14.650Z,39.512,25.796,0,3.4,ml,16,132.1,,,us,usp000e1f7,2014-11-07T01:27:21.451Z,"36 km WNW of Míthymna, Greece",earthquake,,,,,reviewed,the,the
2005-10-09T22:48:13.330Z,34.611,73.197,10,3.3,mb,11,200.9,,0.85,us,usp000e1f6,2014-11-07T01:27:21.383Z,"17 km ESE of Battagram, Pakistan",earthquake,,,,2,reviewed,us,us
2005-10-09T22:37:53.180Z,34.233,73.788,10,4.4,mb,46,127.1,,0.88,us,usp000e1f4,2014-11-07T01:27:21.222Z,"29 km NW of Uri, India",earthquake,,,,17,reviewed,us,us
2005-10-09T22:32:06.800Z,34.845,73.202,10,3.8,mb,12,203.6,,0.92,us,usp000e1f3,2014-11-07T01:27:21.204Z,"24 km NE of Battagram, Pakistan",earthquake,,,,3,reviewed,us,us
2005-10-09T22:28:17.840Z,1.984,97.866,30,4.9,mwc,83,68.5,,0.78,us,usp000e1f2,2016-11-10T01:12:47.795Z,"34 km SSE of Singkil, Indonesia",earthquake,,,,,reviewed,us,hrv
2005-10-09T22:24:49.848Z,51.8567,-178.0622,2.8,2.5,ml,,,,0.67,ak,ak005cyqsnlk,2019-02-13T03:32:37.931Z,"98 km W of Adak, Alaska",earthquake,,1.4,,,reviewed,ak,ak
2005-10-09T21:56:12.260Z,46.1955,-122.2001667,-1.03,2.8,md,14,79,,0.07,uw,uw10679428,2016-07-22T21:57:57.980Z,"37 km NNE of Amboy, Washington",earthquake,0.213,0.26,0.04,5,reviewed,uw,uw
2005-10-09T21:32:03.140Z,34.334,73.644,10,3.1,mb,9,199.7,,0.75,us,usp000e1f1,2014-11-07T01:27:21.171Z,"16 km ESE of Muzaffar?b?d, Pakistan",earthquake,,,,1,reviewed,us,us
2005-10-09T21:25:06.820Z,36.587,26.506,36.9,3.8,md,52,48.7,,1.31,us,usp000e1f0,2014-11-07T01:27:21.054Z,"15 km ENE of Astypálaia, Greece",earthquake,,8.5,,,reviewed,us,ath
2005-10-09T21:11:22.000Z,35.964,6.478,0,4,m,20,308.6,,,us,usp000e1ez,2014-11-07T01:27:21.048Z,"20 km WNW of Aïn Kercha, Algeria",earthquake,,,,,reviewed,mdd,mdd
2005-10-09T21:09:07.100Z,-34.09,-70.668,83.8,3.3,md,15,93.1,,,us,usp000e1ey,2014-11-07T01:27:20.958Z,"5 km ESE of Graneros, Chile",earthquake,,,,,reviewed,guc,guc
2005-10-09T21:05:15.700Z,21.208,120.17,10,4.1,mb,17,133.5,,0.66,us,usp000e1ex,2014-11-07T01:27:20.955Z,"106 km SW of Hengchun, Taiwan",earthquake,,,,2,reviewed,us,us
2005-10-09T21:02:11.560Z,21.239,120.04,10,4.3,mb,14,158.7,,1.01,us,usp000e1ew,2014-11-07T01:27:20.918Z,"111 km SW of Hengchun, Taiwan",earthquake,,,,3,reviewed,us,us
2005-10-09T20:47:18.210Z,34.689,73.056,10,3.6,mb,11,201,,0.76,us,usp000e1ev,2014-11-07T01:27:20.916Z,"3 km ENE of Battagram, Pakistan",earthquake,,,,2,reviewed,us,us
2005-10-09T20:38:02.500Z,35.31,27.07,5,3.3,md,4,206.1,,,us,usp000e1eu,2014-11-07T01:27:20.914Z,"17 km SE of Fry, Greece",earthquake,,,,,reviewed,ath,ath
2005-10-09T20:30:19.140Z,48.776,152.962,179.8,4.6,mb,43,106.8,,0.83,us,usp000e1et,2014-11-07T01:27:20.899Z,"Kuril Islands",earthquake,,,,15,reviewed,us,us
2005-10-09T19:59:51.150Z,34.287,73.572,10,4.4,mb,24,110.8,,0.58,us,usp000e1es,2014-11-07T01:27:20.763Z,"13 km SE of Muzaffar?b?d, Pakistan",earthquake,,,,8,reviewed,us,us
2005-10-09T19:57:03.830Z,18.939,146.621,99.3,4.1,mb,15,154.4,,0.96,us,usp000e1eq,2014-11-07T01:27:20.758Z,"Pagan region, Northern Mariana Islands",earthquake,,17.3,,3,reviewed,us,us
2005-10-09T19:55:05.400Z,-33.561,-70.373,86.5,2.7,md,5,218.6,,,us,usp000e1ep,2014-11-07T01:27:20.742Z,"19 km ENE of Puente Alto, Chile",earthquake,,,,,reviewed,guc,guc
2005-10-09T19:47:01.370Z,34.712,73.003,10,4.9,mwc,218,26.6,,0.93,us,usp000e1en,2016-11-10T01:12:47.301Z,"4 km NNE of Shingli Bala, Pakistan",earthquake,,,,,reviewed,us,hrv
2005-10-09T19:44:54.240Z,-17.649,-69.67,126.6,4,mb,12,90.5,,1.32,us,usp000e1em,2014-11-07T01:27:20.718Z,"33 km ENE of Palca, Peru",earthquake,,9.2,,2,reviewed,us,us
2005-10-09T19:20:37.430Z,34.349,73.7,10,5.3,mwc,429,27.2,,0.93,us,usp000e1ek,2022-07-14T14:18:54.442Z,"Pakistan",earthquake,,,,,reviewed,us,hrv
2005-10-09T19:14:17.450Z,25.878,95.557,97.4,3.6,mb,10,164.8,,0.62,us,usp000e1ej,2014-11-07T01:27:20.676Z,"85 km ESE of Tuensang, India",earthquake,,17.6,,3,reviewed,us,us
2005-10-09T19:03:49.350Z,34.641,73.025,10,4.3,mb,16,114.4,,1.06,us,usp000e1eh,2014-11-07T01:27:20.674Z,"4 km S of Battagram, Pakistan",earthquake,,,,3,reviewed,us,us
2005-10-09T18:52:59.250Z,34.596,73.109,7.4,4.5,mb,45,105.7,,0.63,us,usp000e1eg,2014-11-07T01:27:20.670Z,"11 km SE of Battagram, Pakistan",earthquake,,19.1,,18,reviewed,us,us
2005-10-09T18:42:21.700Z,10.856,92.536,30,3.9,mb,10,183.8,,1.39,us,usp000e1ef,2014-11-07T01:27:20.668Z,"92 km SSW of Port Blair, India",earthquake,,,,1,reviewed,us,us
2005-10-09T18:41:00.390Z,25.374,95.692,82.7,4,mb,10,142.3,,1.07,us,usp000e1ee,2014-11-07T01:27:20.667Z,"124 km ESE of Phek, India",earthquake,,21.4,,1,reviewed,us,us
2005-10-09T18:30:05.000Z,-31.596,-69.782,128.3,3.1,md,9,119.2,,,us,usp000e1ed,2014-11-07T01:27:20.665Z,"44 km SW of Calingasta, Argentina",earthquake,,,,,reviewed,guc,guc
2005-10-09T18:28:19.470Z,34.305,73.593,10,4.5,mb,50,82.6,,0.74,us,usp000e1ec,2014-11-07T01:27:20.661Z,"13 km ESE of Muzaffar?b?d, Pakistan",earthquake,,,,22,reviewed,us,us
2005-10-09T17:56:49.070Z,34.4,73.914,10,3.5,mb,10,214.2,,1.16,us,usp000e1eb,2014-11-07T01:27:20.660Z,"37 km NNW of Uri, India",earthquake,,,,2,reviewed,us,us
2005-10-09T17:45:30.200Z,26.334,141.616,50,4.9,mwr,45,93.3,,0.87,us,usp000e1ea,2014-11-07T01:27:20.654Z,"Bonin Islands, Japan region",earthquake,,,,,reviewed,us,nied
2005-10-09T17:22:08.560Z,34.555,73.075,10,3.6,mb,11,169.3,,1.61,us,usp000e1e9,2014-11-07T01:27:20.653Z,"14 km SSE of Battagram, Pakistan",earthquake,,,,3,reviewed,us,us
2005-10-09T17:21:13.300Z,38.75,21.26,20,3.1,md,4,205.8,,,us,usp000e1e8,2014-11-07T01:27:20.652Z,"5 km NNW of Lepenoú, Greece",earthquake,,,,,reviewed,ath,ath
2005-10-09T17:13:32.000Z,64.47,-139.9,5,3.2,ml,19,177.4,,,us,usp000e1e7,2019-02-13T03:32:37.152Z,"50 km NNW of Dawson City, Canada",earthquake,,,,,reviewed,pgc,pgc
2005-10-09T17:09:34.970Z,34.236,73.416,10,3.9,mb,12,102,,1.48,us,usp000e1e6,2014-11-07T01:27:20.647Z,"15 km SSW of Muzaffar?b?d, Pakistan",earthquake,,,,3,reviewed,us,us
2005-10-09T16:55:05.020Z,50.11,-177.5,10,4.8,mb,104,141.7,,0.66,us,usp000e1e5,2019-02-13T03:32:36.677Z,"205 km SSW of Adak, Alaska",earthquake,,,,34,reviewed,us,us
2005-10-09T16:48:57.670Z,34.594,73.243,10,4,mb,14,200.9,,0.84,us,usp000e1e4,2014-11-07T01:27:20.638Z,"17 km N of Baffa, Pakistan",earthquake,,,,3,reviewed,us,us
2005-10-09T16:39:36.580Z,-24.637,179.893,513.8,4.1,mb,10,127.9,,1.19,us,usp000e1e3,2014-11-07T01:27:20.637Z,"south of the Fiji Islands",earthquake,,27.7,,3,reviewed,us,us
2005-10-09T16:25:40.240Z,34.706,73.073,10,4.1,mb,7,201,,0.79,us,usp000e1e2,2014-11-07T01:27:20.635Z,"5 km NE of Battagram, Pakistan",earthquake,,,,1,reviewed,us,us
2005-10-09T16:24:50.600Z,38.73,21.27,22,3.2,md,5,116.5,,,us,usp000e1e1,2014-11-07T01:27:20.634Z,"2 km NW of Lepenoú, Greece",earthquake,,,,,reviewed,ath,ath
2005-10-09T16:24:04.050Z,34.741,73.449,10,3.9,mb,16,200.7,,1.29,us,usp000e1e0,2014-11-07T01:27:20.632Z,"39 km NNE of Baffa, Pakistan",earthquake,,,,4,reviewed,us,us
2005-10-09T16:19:12.330Z,34.538,73.008,10,3.7,mb,15,201.1,,1.21,us,usp000e1dz,2014-11-07T01:27:20.631Z,"15 km S of Battagram, Pakistan",earthquake,,,,2,reviewed,us,us
2005-10-09T16:18:27.830Z,25.838,125.364,35.5,4,m,9,99.7,,1.28,us,usp000e1dy,2014-11-07T01:27:20.629Z,"114 km N of Hirara, Japan",earthquake,,14.6,,,reviewed,us,jma
2005-10-09T16:15:42.190Z,34.747,73.207,10,3.5,mb,11,200.8,,0.62,us,usp000e1dx,2014-11-07T01:27:20.627Z,"18 km ENE of Battagram, Pakistan",earthquake,,,,3,reviewed,us,us
2005-10-09T15:01:22.870Z,34.031,73.645,10,4.4,mb,13,201,,0.97,us,usp000e1dw,2014-11-07T01:27:20.626Z,"21 km NNW of Rawala Kot, Pakistan",earthquake,,,,3,reviewed,us,us
2005-10-09T14:56:47.520Z,34.762,73.355,10,4.9,mb,140,38.2,,0.82,us,usp000e1dv,2022-05-02T18:03:47.074Z,"31 km ENE of Battagram, Pakistan",earthquake,,,,72,reviewed,us,us
2005-10-09T14:43:38.650Z,34.381,73.517,10,4.2,mb,37,177.9,,0.78,us,usp000e1du,2014-11-07T01:27:20.612Z,"4 km ENE of Muzaffar?b?d, Pakistan",earthquake,,,,13,reviewed,us,us
2005-10-09T14:17:24.530Z,34.677,73.486,10,3.7,mb,7,200.7,,0.17,us,usp000e1dt,2014-11-07T01:27:20.611Z,"34 km N of Muzaffar?b?d, Pakistan",earthquake,,,,2,reviewed,us,us
2005-10-09T14:17:17.540Z,15.91,119.121,61.3,4.5,mb,16,109.5,,0.8,us,usp000e1ds,2014-11-07T01:27:20.609Z,"69 km W of Ilioilio, Philippines",earthquake,,14.3,,3,reviewed,us,us
2005-10-09T14:09:08.290Z,46.1961667,-122.189,-1.891,2.5,md,15,100,,0.15,uw,uw10679343,2016-07-22T21:57:56.680Z,"37 km NNE of Amboy, Washington",earthquake,0.028,0.05,0.04,4,reviewed,uw,uw
2005-10-09T14:09:01.000Z,45.99,-112.57,9.6,2.8,ml,19,82.1,,,us,usp000e1dr,2014-11-07T01:27:20.607Z,"3 km WSW of Butte, Montana",earthquake,,,,,reviewed,but,but
2005-10-09T14:03:56.120Z,34.492,73.121,10,3.6,mb,25,187.7,,1.49,us,usp000e1dq,2014-11-07T01:27:20.604Z,"11 km WNW of Baffa, Pakistan",earthquake,,,,6,reviewed,us,us
2005-10-09T13:48:41.300Z,42.571,13.191,3.3,3.1,ml,42,66.9,,0.94,us,usp000e1dp,2014-11-07T01:27:20.600Z,"5 km SSE of Cittareale, Italy",earthquake,,4.7,,,reviewed,us,rom
2005-10-09T13:39:59.720Z,-23.113,-175.415,38.1,5.3,mwc,61,76.4,,1.12,us,usp000e1dn,2025-12-19T23:23:16.696Z,"202 km SSW of ‘Ohonua, Tonga",earthquake,,,,,reviewed,us,hrv
2005-10-09T13:34:59.940Z,34.61,73.192,10,4.6,mb,65,61.8,,0.78,us,usp000e1dm,2014-11-07T01:27:20.586Z,"17 km ESE of Battagram, Pakistan",earthquake,,,,26,reviewed,us,us
2005-10-09T13:33:26.520Z,34.733,73.009,10,3.3,mb,9,203.8,,1.32,us,usp000e1dk,2014-11-07T01:27:20.585Z,"6 km NNW of Battagram, Pakistan",earthquake,,,,1,reviewed,us,us
2005-10-09T13:24:20.450Z,24.698,122.57,10,4.2,mb,13,91.3,,0.89,us,usp000e1dj,2014-11-07T01:27:20.583Z,"50 km WNW of Yonakuni, Japan",earthquake,,0,,1,reviewed,us,us
2005-10-09T13:18:15.100Z,34.498,73.191,10,3.4,mb,17,199.9,,0.71,us,usp000e1dh,2014-11-07T01:27:20.581Z,"7 km NNW of Baffa, Pakistan",earthquake,,,,2,reviewed,us,us
2005-10-09T13:16:54.310Z,34.399,73.556,10,3.1,mb,9,199.7,,0.81,us,usp000e1dg,2014-11-07T01:27:20.580Z,"8 km ENE of Muzaffar?b?d, Pakistan",earthquake,,,,1,reviewed,us,us
2005-10-09T13:04:30.400Z,44.683,141.452,257.9,4,mb,7,150.9,,0.27,us,usp000e1df,2014-11-07T01:27:20.579Z,"56 km SSE of Rishiri Town, Japan",earthquake,,10.1,,1,reviewed,us,us
2005-10-09T12:45:28.500Z,5.466,95.731,30,4.5,mb,35,64.6,,0.93,us,usp000e1de,2014-11-07T01:27:20.575Z,"27 km WNW of Sigli, Indonesia",earthquake,,,,8,reviewed,us,us
2005-10-09T12:38:13.950Z,34.782,73.114,10,4.9,mwc,196,38.9,,0.9,us,usp000e1dd,2016-11-10T01:12:45.698Z,"14 km NE of Battagram, Pakistan",earthquake,,,,,reviewed,us,hrv
2005-10-09T12:32:08.370Z,-19.937,-69.039,104.6,4,mb,11,142.4,,1.56,us,usp000e1dc,2014-11-07T01:27:20.558Z,"120 km ENE of Iquique, Chile",earthquake,,12.5,,2,reviewed,us,us
2005-10-09T12:30:22.720Z,40.713,23.365,5.4,3.4,ml,21,44.2,,,us,usp000e1db,2014-11-07T01:27:20.555Z,"4 km SSW of Askós, Greece",earthquake,,,,,reviewed,the,the
2005-10-09T12:03:08.610Z,26.323,128.799,17.5,4.6,mwr,48,116.1,,1.06,us,usp000e1da,2014-11-07T01:27:20.550Z,"87 km ESE of Nago, Japan",earthquake,,9.8,,,reviewed,us,nied
2005-10-09T12:00:33.520Z,43.335,77.235,38.2,4.4,mb,50,124.8,,1.04,us,usp000e1d9,2014-11-07T01:27:20.545Z,"3 km N of Talghar, Kazakhstan",earthquake,,8.1,,16,reviewed,us,us
2005-10-09T11:58:20.380Z,34.589,73.127,10,4.4,mb,11,177.9,,1.14,us,usp000e1d8,2014-11-07T01:27:20.543Z,"13 km SE of Battagram, Pakistan",earthquake,,,,1,reviewed,us,us
2005-10-09T11:42:55.110Z,-6.961,129.935,104.2,4.4,mb,15,105.9,,0.69,us,usp000e1d7,2014-11-07T01:27:20.542Z,"Banda Sea",earthquake,,21.7,,3,reviewed,us,us
2005-10-09T11:40:42.370Z,34.34,73.66,10,3.6,mb,14,195.5,,1.25,us,usp000e1d6,2014-11-07T01:27:20.540Z,"17 km E of Muzaffar?b?d, Pakistan",earthquake,,,,1,reviewed,us,us
2005-10-09T11:30:42.640Z,34.305,73.589,10,4.5,mb,68,67.7,,0.96,us,usp000e1d5,2014-11-07T01:27:20.534Z,"13 km ESE of Muzaffar?b?d, Pakistan",earthquake,,,,25,reviewed,us,us
2005-10-09T11:23:42.440Z,-11.573,166.5,110.8,4.6,mb,26,54.7,,0.76,us,usp000e1d4,2014-11-07T01:27:20.531Z,"121 km SE of Lata, Solomon Islands",earthquake,,,,8,reviewed,us,us
2005-10-09T11:21:43.920Z,34.658,73.135,10,5,mwc,162,28.8,,0.83,us,usp000e1d3,2022-05-02T18:03:45.897Z,"10 km ESE of Battagram, Pakistan",earthquake,,,,,reviewed,us,hrv
2005-10-09T11:14:42.800Z,37.75,21.73,5,3.6,ml,37,134,,,us,usp000e1d1,2014-11-07T01:27:20.505Z,"4 km N of Lálas, Greece",earthquake,,,,,reviewed,ath,the
2005-10-09T11:12:34.270Z,40.772,23.448,0.7,3.4,md,22,60.3,,,us,usp000e1d0,2014-11-07T01:27:20.503Z,"5 km ENE of Askós, Greece",earthquake,,,,,reviewed,the,ath
2005-10-09T11:08:01.630Z,34.621,73.179,10,3.6,mb,11,199.9,,0.79,us,usp000e1cz,2014-11-07T01:27:20.501Z,"15 km ESE of Battagram, Pakistan",earthquake,,,,2,reviewed,us,us
2005-10-09T11:04:40.770Z,40.783,23.408,9.2,3.5,ml,6,112.9,,,us,usp000e1cy,2014-11-07T01:27:20.500Z,"3 km NNE of Askós, Greece",earthquake,,,,,reviewed,the,the
2005-10-09T10:56:26.840Z,34.476,73.287,10,3.8,mb,31,105.7,,1.29,us,usp000e1cx,2014-11-07T01:27:20.497Z,"7 km NE of Baffa, Pakistan",earthquake,,,,6,reviewed,us,us
2005-10-09T10:49:02.690Z,34.546,73.177,10,3.4,mb,8,201,,0.7,us,usp000e1cw,2014-11-07T01:27:20.496Z,"12 km NNW of Baffa, Pakistan",earthquake,,,,1,reviewed,us,us
2005-10-09T10:19:26.780Z,34.732,73.145,10,3.3,mb,19,200.9,,0.79,us,usp000e1cv,2014-11-07T01:27:20.494Z,"12 km ENE of Battagram, Pakistan",earthquake,,,,7,reviewed,us,us
2005-10-09T10:14:30.020Z,52.011,-179.453,7,2.6,ml,5,345.1,,,us,usp000e1ct,2019-02-13T03:32:33.475Z,"194 km W of Adak, Alaska",earthquake,,,,,reviewed,aeic,aeic
2005-10-09T10:05:22.490Z,34.164,73.375,10,3.6,mb,16,161.1,,0.71,us,usp000e1cs,2014-11-07T01:27:20.490Z,"15 km E of Abbottabad, Pakistan",earthquake,,,,4,reviewed,us,us
2005-10-09T09:56:17.020Z,34.181,73.496,10,3.3,mb,9,230.8,,1.22,us,usp000e1cr,2014-11-07T01:27:20.488Z,"21 km S of Muzaffar?b?d, Pakistan",earthquake,,,,2,reviewed,us,us
2005-10-09T09:26:43.790Z,44.586,6.869,1.6,2.7,ml,41,43.9,,,us,usp000e1cq,2014-11-07T01:27:20.483Z,"11 km W of Pleyne, Italy",earthquake,,,,,reviewed,gen,gen
2005-10-09T09:26:36.230Z,34.544,73.099,10,4.8,mb,98,52.3,,0.86,us,usp000e1cp,2014-11-07T01:27:20.475Z,"16 km SSE of Battagram, Pakistan",earthquake,,,,34,reviewed,us,us
2005-10-09T09:23:37.340Z,44.583,6.86,5.1,3.1,ml,82,43.3,,,us,usp000e1cn,2014-11-07T01:27:20.466Z,"12 km W of Pleyne, Italy",earthquake,,,,,reviewed,gen,gen
2005-10-09T09:22:33.490Z,34.636,73.324,10,4.9,mwc,175,56.8,,1.05,us,usp000e1cm,2016-11-10T01:12:44.700Z,"23 km NNE of Baffa, Pakistan",earthquake,,,,,reviewed,us,hrv
2005-10-09T09:20:09.300Z,38.13,20.22,13,4.1,ml,63,143.7,,,us,usp000e1ck,2014-11-07T01:27:20.446Z,"20 km WSW of Lixoúri, Greece",earthquake,,,,,reviewed,ath,ath
2005-10-09T09:17:00.950Z,34.631,73.13,10,3.9,mb,19,199.9,,0.78,us,usp000e1cj,2014-11-07T01:27:20.444Z,"11 km ESE of Battagram, Pakistan",earthquake,,,,5,reviewed,us,us
2005-10-09T09:16:30.380Z,13.11,-88.701,35,4.1,mb,14,192.1,,1.14,us,usp000e1ch,2014-11-07T01:27:20.442Z,"25 km SW of Puerto El Triunfo, El Salvador",earthquake,,,,6,reviewed,us,us
2005-10-09T09:15:08.680Z,34.318,73.737,10,3.8,mb,13,199.7,,1.32,us,usp000e1cg,2014-11-07T01:27:20.440Z,"25 km ESE of Muzaffar?b?d, Pakistan",earthquake,,,,4,reviewed,us,us
2005-10-09T09:14:21.510Z,38.854,141.524,68.5,4.4,mb,32,130.5,,1.08,us,usp000e1cf,2014-11-07T01:27:20.437Z,"29 km SW of ?funato, Japan",earthquake,,,,10,reviewed,us,us
2005-10-09T09:07:26.029Z,59.7308,-152.8797,93.8,3,ml,,,,0.68,ak,ak005cyiybq2,2019-02-13T03:32:32.916Z,"59 km W of Anchor Point, Alaska",earthquake,,1.5,,,reviewed,ak,ak
2005-10-09T09:01:29.260Z,37.852,-122.2423333,5.943,2.75,md,135,18,0.00991,0.14,nc,nc21488594,2017-01-12T20:25:22.400Z,"3 km NNW of Piedmont, California",earthquake,0.1,0.19,0.1,111,reviewed,nc,nc
2005-10-09T08:59:33.700Z,34.579,73.242,10,4.8,mwc,154,36.5,,0.71,us,usp000e1cc,2016-11-10T01:12:44.217Z,"15 km N of Baffa, Pakistan",earthquake,,,,,reviewed,us,hrv
2005-10-09T08:58:47.700Z,34.722,73.165,10,4.8,mb,42,40,,0.94,us,usp000e1cb,2014-11-07T01:27:20.415Z,"13 km ENE of Battagram, Pakistan",earthquake,,,,14,reviewed,us,us
2005-10-09T08:55:53.120Z,-32.544,-178.881,105.8,4.4,mb,6,150.9,,0.31,us,usp000e1ca,2014-11-07T01:27:20.414Z,"south of the Kermadec Islands",earthquake,,11.5,,1,reviewed,us,us
2005-10-09T08:42:51.650Z,34.507,73.347,10,4,mb,10,199.8,,1.39,us,usp000e1c9,2014-11-07T01:27:20.413Z,"13 km NE of Baffa, Pakistan",earthquake,,,,2,reviewed,us,us
2005-10-09T08:34:52.300Z,-25.037,-69.625,90,3.2,m,5,175.9,,,us,usp000e1c8,2014-11-07T01:27:20.411Z,"95 km ENE of Taltal, Chile",earthquake,,,,,reviewed,guc,guc
2005-10-09T08:34:03.160Z,34.702,73.198,10,5,mb,29,94.3,,0.63,us,usp000e1c7,2022-05-02T18:13:25.320Z,"16 km E of Battagram, Pakistan",earthquake,,,,5,reviewed,us,us
2005-10-09T08:30:01.100Z,34.67,73.182,7,5.7,mwc,419,21.3,,1.02,us,usp000e1c6,2022-07-14T14:20:44.702Z,"14 km E of Battagram, Pakistan",earthquake,,,,,reviewed,us,hrv
2005-10-09T08:26:59.950Z,34.752,73.429,10,3.7,mb,6,214.5,,0.52,us,usp000e1c5,2014-11-07T01:27:20.366Z,"38 km ENE of Battagram, Pakistan",earthquake,,,,1,reviewed,us,us
2005-10-09T08:03:49.600Z,34.549,73.441,10,3.7,mb,21,169,,0.86,us,usp000e1c4,2014-11-07T01:27:20.364Z,"20 km N of Muzaffar?b?d, Pakistan",earthquake,,,,6,reviewed,us,us
2005-10-09T07:59:02.820Z,34.432,73.053,10,3.3,mb,16,201.2,,1.05,us,usp000e1c3,2014-11-07T01:27:20.362Z,"15 km W of Baffa, Pakistan",earthquake,,,,5,reviewed,us,us
2005-10-09T07:36:15.340Z,34.466,73.081,10,3.6,mb,12,200,,0.78,us,usp000e1c2,2014-11-07T01:27:20.360Z,"13 km WNW of Baffa, Pakistan",earthquake,,,,3,reviewed,us,us
2005-10-09T07:24:31.060Z,34.531,72.984,10,4.3,mb,9,215,,1.42,us,usp000e1c0,2014-11-07T01:27:20.358Z,"16 km S of Shingli Bala, Pakistan",earthquake,,,,3,reviewed,us,us
2005-10-09T07:19:12.530Z,34.396,74.102,10,3.5,mb,10,214.1,,0.69,us,usp000e1bz,2014-11-07T01:27:20.357Z,"30 km NW of B?ram?la, India",earthquake,,,,2,reviewed,us,us
2005-10-09T07:12:05.450Z,40.701,23.358,0,3.9,ml,31,38.2,,,us,usp000e1by,2014-11-07T01:27:20.353Z,"6 km SSW of Askós, Greece",earthquake,,,,,reviewed,the,the
2005-10-09T07:11:01.280Z,40.7,23.35,1.5,2.5,ml,7,103.3,,,us,usp000e1bx,2014-11-07T01:27:20.351Z,"6 km SSW of Askós, Greece",earthquake,,,,,reviewed,the,the
2005-10-09T07:09:18.570Z,34.569,73.158,10,5.3,mwc,265,36.4,,0.8,us,usp000e1bw,2022-07-14T14:22:35.113Z,"15 km NNW of Baffa, Pakistan",earthquake,,,,,reviewed,us,hrv
2005-10-09T06:51:19.560Z,34.202,73.398,10,3.6,mb,12,201.1,,1.4,us,usp000e1bu,2014-11-07T01:27:20.326Z,"18 km ENE of Abbottabad, Pakistan",earthquake,,,,3,reviewed,us,us
2005-10-09T06:48:45.730Z,34.173,73.601,10,4.4,mb,18,187.7,,1.11,us,usp000e1bt,2014-11-07T01:27:20.324Z,"24 km SSE of Muzaffar?b?d, Pakistan",earthquake,,,,7,reviewed,us,us
2005-10-09T06:31:22.730Z,34.455,73.19,10,3.5,mb,12,201,,1.07,us,usp000e1br,2014-11-07T01:27:20.321Z,"3 km WNW of Baffa, Pakistan",earthquake,,,,2,reviewed,us,us
2005-10-09T06:29:04.930Z,34.49,73.678,10,3.6,mb,10,203.4,,0.72,us,usp000e1bq,2014-11-07T01:27:20.319Z,"23 km NE of Muzaffar?b?d, Pakistan",earthquake,,,,2,reviewed,us,us
2005-10-09T06:28:21.250Z,34.66,73.714,10,3.5,mb,7,286.1,,1.04,us,usp000e1bp,2014-11-07T01:27:20.318Z,"39 km NE of Muzaffar?b?d, Pakistan",earthquake,,,,2,reviewed,us,us
2005-10-09T06:23:50.100Z,-29.197,-69.681,100,3.7,md,7,176.5,,,us,usp000e1bn,2014-11-07T01:27:20.316Z,"125 km ESE of Vallenar, Chile",earthquake,,,,,reviewed,guc,guc
2005-10-09T06:17:00.480Z,34.449,72.969,10,3.7,mb,26,201.2,,1.06,us,usp000e1bm,2014-11-07T01:27:20.314Z,"23 km W of Baffa, Pakistan",earthquake,,,,7,reviewed,us,us
2005-10-09T06:13:03.180Z,34.811,73.21,10,3.6,mb,22,187.2,,1.19,us,usp000e1bk,2014-11-07T01:27:20.311Z,"22 km NE of Battagram, Pakistan",earthquake,,,,7,reviewed,us,us
2005-10-09T06:00:48.000Z,-40.19,173.59,164,4.2,m,54,145.9,,,us,usp000e1bj,2014-11-07T01:27:20.306Z,"84 km SSW of Opunake, New Zealand",earthquake,,,,,reviewed,wel,wel
2005-10-09T06:00:42.580Z,-15.706,-173.844,75.5,4,mb,14,128.3,,0.96,us,usp000e1bh,2014-11-07T01:27:20.305Z,"27 km N of Hihifo, Tonga",earthquake,,15.5,,3,reviewed,us,us
2005-10-09T05:58:18.120Z,34.472,73.048,10,3.5,mb,14,204,,1.24,us,usp000e1bg,2014-11-07T01:27:20.303Z,"16 km WNW of Baffa, Pakistan",earthquake,,,,2,reviewed,us,us
2005-10-09T05:21:59.800Z,42.4,2.07,10,3.1,ml,54,81.7,,,us,usp000e1bf,2014-11-07T01:27:20.279Z,"7 km ESE of Osséja, France",earthquake,,,,,reviewed,str,str
2005-10-09T05:16:42.460Z,34.599,73.229,10,3.3,mb,8,203.7,,0.92,us,usp000e1be,2014-11-07T01:27:20.277Z,"17 km N of Baffa, Pakistan",earthquake,,,,1,reviewed,us,us
2005-10-09T05:10:52.340Z,35.6671667,-121.0968333,5.726,3.56,ml,71,109,0.04865,0.08,nc,nc21488576,2017-03-17T18:48:35.563Z,"8 km ENE of San Simeon, California",earthquake,0.13,0.41,,11,reviewed,nc,nc
2005-10-09T05:07:30.280Z,46.1965,-122.1976667,-0.861,2.5,md,13,111,,0.09,uw,uw10679233,2016-07-22T21:57:55.050Z,"37 km NNE of Amboy, Washington",earthquake,0.297,0.27,0.03,6,reviewed,uw,uw
2005-10-09T04:59:47.310Z,44.598,6.599,7.6,2.5,ml,50,29.1,,,us,usp000e1bc,2014-11-07T01:27:20.270Z,"7 km SSW of Guillestre, France",earthquake,,,,,reviewed,gen,gen
2005-10-09T04:58:54.660Z,34.708,73.066,10,5,mwc,164,30.1,,0.96,us,usp000e1bb,2022-05-02T18:03:34.715Z,"5 km NE of Battagram, Pakistan",earthquake,,,,,reviewed,us,hrv
2005-10-09T04:55:39.600Z,-32.114,-71.505,40.3,3.6,md,8,202.5,,,us,usp000e1ba,2014-11-07T01:27:20.253Z,"45 km NW of La Ligua, Chile",earthquake,,,,,reviewed,guc,guc
2005-10-09T04:49:27.970Z,34.66,73.224,10,4.7,mb,132,52.2,,0.8,us,usp000e1b9,2014-11-07T01:27:20.243Z,"18 km E of Battagram, Pakistan",earthquake,,,,65,reviewed,us,us
2005-10-09T04:30:19.940Z,34.623,73.163,10,3.5,mb,18,187.5,,0.66,us,usp000e1b8,2014-11-07T01:27:20.240Z,"14 km ESE of Battagram, Pakistan",earthquake,,,,4,reviewed,us,us
2005-10-09T04:27:48.620Z,34.545,73.668,10,4.1,mb,7,203.4,,0.81,us,usp000e1b7,2014-11-07T01:27:20.238Z,"26 km NE of Muzaffar?b?d, Pakistan",earthquake,,,,1,reviewed,us,us
2005-10-09T04:18:28.710Z,-7.95,-74.302,122.1,4.2,mb,7,98.8,,0.74,us,usp000e1b6,2014-11-07T01:27:20.237Z,"54 km NNE of Pucallpa, Peru",earthquake,,19.5,,2,reviewed,us,us
2005-10-09T04:17:41.270Z,34.516,73.178,10,4.3,mb,32,128,,1,us,usp000e1b5,2014-11-07T01:27:20.234Z,"9 km NNW of Baffa, Pakistan",earthquake,,,,7,reviewed,us,us
2005-10-09T04:07:21.890Z,34.57,73.221,10,3.8,mb,7,199.9,,1,us,usp000e1b4,2014-11-07T01:27:20.232Z,"14 km N of Baffa, Pakistan",earthquake,,,,2,reviewed,us,us
2005-10-09T04:04:43.830Z,34.224,73.505,10,3.9,mb,11,178.2,,0.79,us,usp000e1b3,2014-11-07T01:27:20.231Z,"16 km S of Muzaffar?b?d, Pakistan",earthquake,,,,4,reviewed,us,us
2005-10-09T03:57:45.820Z,34.778,73.143,10,3.9,mb,12,199.8,,0.57,us,usp000e1b2,2014-11-07T01:27:20.229Z,"15 km NE of Battagram, Pakistan",earthquake,,,,2,reviewed,us,us
2005-10-09T03:57:16.520Z,34.281,73.659,10,4.2,mb,12,199.8,,1.15,us,usp000e1b1,2014-11-07T01:27:20.227Z,"19 km ESE of Muzaffar?b?d, Pakistan",earthquake,,,,2,reviewed,us,us
2005-10-09T03:44:56.130Z,34.514,73.142,10,3.9,mb,29,168.2,,0.71,us,usp000e1b0,2014-11-07T01:27:20.225Z,"11 km NW of Baffa, Pakistan",earthquake,,,,8,reviewed,us,us
2005-10-09T03:44:16.030Z,34.602,73.174,10,3.4,mb,9,199.9,,1.12,us,usp000e1az,2014-11-07T01:27:20.223Z,"16 km ESE of Battagram, Pakistan",earthquake,,,,2,reviewed,us,us
2005-10-09T03:34:08.290Z,34.624,73.268,10,3.8,mb,18,199.8,,1.04,us,usp000e1ay,2014-11-07T01:27:20.221Z,"21 km N of Baffa, Pakistan",earthquake,,,,2,reviewed,us,us
2005-10-09T03:30:19.630Z,34.578,73.182,10,4.1,mb,10,201,,1.25,us,usp000e1ax,2014-11-07T01:27:20.220Z,"16 km NNW of Baffa, Pakistan",earthquake,,,,2,reviewed,us,us
2005-10-09T03:21:33.060Z,34.628,73.306,10,4,mb,33,54.3,,1.08,us,usp000e1aw,2014-11-07T01:27:20.216Z,"22 km NNE of Baffa, Pakistan",earthquake,,,,11,reviewed,us,us
2005-10-09T02:52:01.300Z,34.912,73.11,10,4.3,mb,9,203.6,,0.91,us,usp000e1av,2014-11-07T01:27:20.215Z,"27 km NNE of Battagram, Pakistan",earthquake,,,,1,reviewed,us,us
2005-10-09T02:40:57.340Z,-38.83,-75.048,10,4.6,mb,34,153.3,,1.14,us,usp000e1au,2014-11-07T01:27:20.210Z,"164 km W of Carahue, Chile",earthquake,,0,,8,reviewed,us,us
2005-10-09T02:38:17.940Z,34.307,73.184,10,3.2,mb,17,201.2,,1.04,us,usp000e1at,2014-11-07T01:27:20.208Z,"2 km SSW of Mansehra, Pakistan",earthquake,,,,3,reviewed,us,us
2005-10-09T02:28:53.780Z,34.514,73.283,10,4.4,mb,78,40.1,,0.81,us,usp000e1as,2014-11-07T01:27:20.172Z,"10 km NNE of Baffa, Pakistan",earthquake,,,,34,reviewed,us,us
2005-10-09T02:22:46.410Z,34.733,73.335,10,3.5,mb,15,187.2,,0.66,us,usp000e1ar,2014-11-07T01:27:20.171Z,"29 km ENE of Battagram, Pakistan",earthquake,,,,4,reviewed,us,us
2005-10-09T02:22:29.090Z,34.282,73.307,10,3.8,mb,10,216.9,,0.64,us,usp000e1aq,2014-11-07T01:27:20.169Z,"11 km ESE of Mansehra, Pakistan",earthquake,,,,4,reviewed,us,us
2005-10-09T02:07:42.840Z,34.309,73.583,10,3.3,mb,7,273,,1.26,us,usp000e1ap,2014-11-07T01:27:20.168Z,"12 km ESE of Muzaffar?b?d, Pakistan",earthquake,,,,1,reviewed,us,us
2005-10-09T02:06:26.420Z,17.848,-67.849,20.4,3.2,md,5,353.9,,,us,usp000e1an,2014-11-07T01:27:20.167Z,"71 km WSW of Pole Ojea, Puerto Rico",earthquake,,,,,reviewed,rspr,rspr
2005-10-09T01:59:39.960Z,34.544,73.128,10,4,mb,15,201,,1,us,usp000e1am,2014-11-07T01:27:20.165Z,"14 km NW of Baffa, Pakistan",earthquake,,,,3,reviewed,us,us
2005-10-09T01:57:12.850Z,34.489,72.967,10,3.7,mb,9,204.1,,1.34,us,usp000e1ak,2014-11-07T01:27:20.164Z,"21 km S of Shingli Bala, Pakistan",earthquake,,,,2,reviewed,us,us
2005-10-09T01:42:56.400Z,43.801,12.429,16.2,2.9,ml,56,68.5,,,us,usp000e1aj,2014-11-07T01:27:20.158Z,"1 km W of Macerata Feltria, Italy",earthquake,,,,,reviewed,rom,ldg
2005-10-09T01:37:04.970Z,34.676,73.267,10,3.5,mb,7,203.6,,0.7,us,usp000e1ah,2014-11-07T01:27:20.157Z,"22 km E of Battagram, Pakistan",earthquake,,,,1,reviewed,us,us
2005-10-09T01:34:33.710Z,34.649,73.058,10,3.3,mb,10,201,,0.83,us,usp000e1ag,2014-11-07T01:27:20.155Z,"4 km SE of Battagram, Pakistan",earthquake,,,,2,reviewed,us,us
2005-10-09T01:27:40.530Z,34.632,73.24,10,3.9,mb,10,200.9,,0.71,us,usp000e1af,2014-11-07T01:27:20.153Z,"20 km ESE of Battagram, Pakistan",earthquake,,,,1,reviewed,us,us
2005-10-09T01:26:05.740Z,44.571,6.83,4.6,2.8,ml,69,42.1,,,us,usp000e1ae,2014-11-07T01:27:20.144Z,"14 km W of Pleyne, Italy",earthquake,,,,,reviewed,gen,gen
2005-10-09T01:26:02.880Z,34.608,73.153,10,4.6,mb,75,38.9,,0.78,us,usp000e1ad,2014-11-07T01:27:20.131Z,"14 km ESE of Battagram, Pakistan",earthquake,,,,33,reviewed,us,us
2005-10-09T01:25:15.180Z,34.708,73.414,10,4,mb,12,200.7,,0.84,us,usp000e1ac,2014-11-07T01:27:20.129Z,"34 km NNE of Baffa, Pakistan",earthquake,,,,2,reviewed,us,us
2005-10-09T01:19:39.820Z,34,73.552,10,3.7,mb,8,201.1,,1.33,us,usp000e1ab,2014-11-07T01:27:20.128Z,"18 km NE of Murree, Pakistan",earthquake,,,,1,reviewed,us,us
2005-10-09T01:12:28.630Z,34.642,73.044,10,4.7,mb,93,45.3,,0.75,us,usp000e1aa,2022-05-02T18:13:24.084Z,"4 km SSE of Battagram, Pakistan",earthquake,,,,41,reviewed,us,us
2005-10-09T01:11:59.640Z,34.211,73.783,10,4.4,mb,22,108.6,,0.89,us,usp000e1a9,2014-11-07T01:27:20.118Z,"28 km WNW of Uri, India",earthquake,,,,4,reviewed,us,us
2005-10-09T01:07:48.460Z,34.341,73.174,10,3.6,mb,23,201.1,,1.25,us,usp000e1a8,2014-11-07T01:27:20.116Z,"2 km WNW of Mansehra, Pakistan",earthquake,,,,6,reviewed,us,us
2005-10-09T00:54:24.880Z,34.752,72.985,10,3.8,mb,11,201,,0.91,us,usp000e1a7,2014-11-07T01:27:20.115Z,"8 km N of Shingli Bala, Pakistan",earthquake,,,,3,reviewed,us,us
2005-10-09T00:44:12.660Z,34.209,73.183,10,3.2,mb,9,195.5,,0.53,us,usp000e1a6,2014-11-07T01:27:20.113Z,"7 km NNW of Abbottabad, Pakistan",earthquake,,,,1,reviewed,us,us
2005-10-09T00:42:10.080Z,32.958,137.874,315.9,3.8,mb,11,140.9,,0.58,us,usp000e1a5,2014-11-07T01:27:20.112Z,"185 km S of ?yama, Japan",earthquake,,8.7,,2,reviewed,us,us
2005-10-09T00:41:16.690Z,34.062,73.488,10,3.3,mb,13,260.2,,0.99,us,usp000e1a4,2014-11-07T01:27:20.110Z,"19 km NNE of Murree, Pakistan",earthquake,,,,1,reviewed,us,us
2005-10-09T00:20:22.610Z,34.28,73.501,10,3.9,mb,29,68,,1.27,us,usp000e1a3,2014-11-07T01:27:20.107Z,"10 km SSE of Muzaffar?b?d, Pakistan",earthquake,,,,8,reviewed,us,us
2005-10-09T00:05:40.340Z,44.575,6.863,1.5,2.6,ml,69,44.2,,,us,usp000e1a2,2014-11-07T01:27:20.099Z,"12 km W of Pleyne, Italy",earthquake,,,,,reviewed,gen,gen
2005-10-09T00:04:24.880Z,-16.801,-179.117,477.7,4.2,mb,29,107.7,,0.76,us,usp000e1a1,2014-11-07T01:27:20.095Z,"167 km ESE of Labasa, Fiji",earthquake,,9.2,,9,reviewed,us,us
2005-10-08T23:55:40.220Z,34.609,73.122,10,3.4,mb,9,224.5,,0.77,us,usp000e1a0,2014-11-07T01:27:20.094Z,"11 km SE of Battagram, Pakistan",earthquake,,,,1,reviewed,us,us
2005-10-08T23:54:24.950Z,32.0893333,-115.7711667,5.772,2.73,ml,8,263,0.5597,0.3,ci,ci10146497,2016-03-08T00:35:22.059Z,"57km SSW of Progreso, B.C., MX",earthquake,3.02,31.61,0.29,28,reviewed,ci,ci
2005-10-08T23:36:33.280Z,34.423,73.677,10,4.1,mb,14,199.6,,0.95,us,usp000e19z,2014-11-07T01:27:20.092Z,"19 km ENE of Muzaffar?b?d, Pakistan",earthquake,,,,2,reviewed,us,us
2005-10-08T23:34:14.370Z,35.182,72.311,10,3.8,mb,13,181.5,,0.94,us,usp000e19y,2014-11-07T01:27:20.090Z,"29 km NE of Kakad Wari Dir Upper, Pakistan",earthquake,,,,1,reviewed,us,us
2005-10-08T23:31:08.520Z,34.819,73.144,10,4.8,mb,24,107.8,,0.81,us,usp000e19x,2014-11-07T01:27:20.088Z,"19 km NE of Battagram, Pakistan",earthquake,,,,7,reviewed,us,us
2005-10-08T23:27:54.500Z,34.763,73.121,10,4.7,mb,34,107.9,,1.06,us,usp000e19w,2014-11-07T01:27:20.085Z,"13 km NE of Battagram, Pakistan",earthquake,,,,9,reviewed,us,us
2005-10-08T23:27:05.200Z,44.223,10.21,13.6,2.6,ml,30,61.3,,,us,usp000e19v,2014-11-07T01:27:20.081Z,"3 km WNW of Giuncugnano, Italy",earthquake,,,,,reviewed,rom,ldg
2005-10-08T23:22:56.900Z,44.605,6.942,2,2.6,ml,60,48.6,,,us,usp000e19u,2014-11-07T01:27:20.074Z,"6 km WNW of Pleyne, Italy",earthquake,,,,,reviewed,ldg,gen
2005-10-08T23:21:54.890Z,34.874,72.87,10,3.9,mb,13,219.4,,1.18,us,usp000e19t,2014-11-07T01:27:20.072Z,"24 km NNW of Shingli Bala, Pakistan",earthquake,,,,2,reviewed,us,us
2005-10-08T23:16:12.190Z,44.575,6.84,0.4,2.5,ml,41,42.8,,,us,usp000e19s,2014-11-07T01:27:20.066Z,"14 km W of Pleyne, Italy",earthquake,,,,,reviewed,gen,gen
2005-10-08T23:15:34.410Z,34.523,73.05,10,3.8,mb,11,201.1,,0.82,us,usp000e19r,2014-11-07T01:27:20.065Z,"17 km S of Battagram, Pakistan",earthquake,,,,4,reviewed,us,us
2005-10-08T23:13:05.770Z,44.574,6.843,5,2.6,ml,60,42.8,,,us,usp000e19q,2014-11-07T01:27:20.058Z,"13 km W of Pleyne, Italy",earthquake,,,,,reviewed,gen,gen
2005-10-08T23:05:47.530Z,34.694,73.22,10,4.1,mb,22,108,,0.87,us,usp000e19p,2014-11-07T01:27:20.055Z,"18 km E of Battagram, Pakistan",earthquake,,,,4,reviewed,us,us
2005-10-08T22:53:38.500Z,34.641,73.196,10,4.8,mwc,169,36.3,,0.8,us,usp000e19n,2016-11-10T01:12:42.213Z,"16 km ESE of Battagram, Pakistan",earthquake,,,,,reviewed,us,hrv
2005-10-08T22:53:01.890Z,34.684,73.414,10,3.6,mb,16,167.7,,1.15,us,usp000e19m,2014-11-07T01:27:20.040Z,"32 km NNE of Baffa, Pakistan",earthquake,,,,3,reviewed,us,us
2005-10-08T22:15:39.110Z,34.638,73.115,10,4.8,mb,109,37.4,,0.87,us,usp000e19k,2014-11-07T01:27:20.031Z,"9 km ESE of Battagram, Pakistan",earthquake,,,,48,reviewed,us,us
2005-10-08T22:12:24.880Z,7.738,-73.112,152.6,3.9,mb,6,85.2,,0.32,us,usp000e19j,2014-11-07T01:27:20.030Z,"7 km W of Cáchira, Colombia",earthquake,,11.7,,1,reviewed,us,us
2005-10-08T22:04:27.280Z,34.625,73.225,10,4.9,mwc,177,36.3,,0.82,us,usp000e19h,2016-11-10T01:12:41.724Z,"19 km ESE of Battagram, Pakistan",earthquake,,,,,reviewed,us,hrv
2005-10-08T22:03:13.577Z,62.2318,-150.2702,56.5,2.6,ml,,,,0.61,ak,ak005cx34q9p,2019-02-13T03:32:24.104Z,"9 km SSW of Trapper Creek, Alaska",earthquake,,0.8,,,reviewed,ak,ak
2005-10-08T21:45:09.760Z,34.651,73.205,10,5.4,mwc,345,21.9,,0.86,us,usp000e19f,2022-05-02T18:03:29.605Z,"16 km E of Battagram, Pakistan",earthquake,,,,,reviewed,us,hrv
2005-10-08T21:43:40.850Z,34.544,73.676,10,4.5,mb,60,59.6,,1.07,us,usp000e19e,2014-11-07T01:27:19.982Z,"26 km NE of Muzaffar?b?d, Pakistan",earthquake,,,,27,reviewed,us,us
2005-10-08T21:36:52.930Z,35.759,72.857,10,4,mb,7,291.2,,1.04,us,usp000e19d,2014-11-07T01:27:19.981Z,"63 km ENE of Thal, Pakistan",earthquake,,,,1,reviewed,us,us
2005-10-08T21:33:34.500Z,43.726,84.452,26.1,4.4,mb,62,141.7,,0.61,us,usp000e19c,2014-11-07T01:27:19.975Z,"102 km ENE of Xinyuan, China",earthquake,,,,30,reviewed,us,us
2005-10-08T21:22:36.480Z,40.2963333,-124.3485,18.847,2.54,md,10,215,0.05766,0.03,nc,nc21488542,2017-01-12T20:19:51.616Z,"29 km SW of Scotia, California",earthquake,1.45,1.09,0.09,7,reviewed,nc,nc
2005-10-08T21:21:12.240Z,34.666,73.264,10,4.8,mb,27,134.5,,1.01,us,usp000e19b,2014-11-07T01:27:19.973Z,"22 km E of Battagram, Pakistan",earthquake,,,,3,reviewed,us,us
2005-10-08T21:13:32.080Z,34.71,73.199,12,5.7,mwb,628,21.3,,0.88,us,usp000e19a,2022-05-02T18:03:27.906Z,"16 km ENE of Battagram, Pakistan",earthquake,,,,,reviewed,us,us
2005-10-08T21:08:24.890Z,36.517,70.805,147.1,4.4,mb,55,100.9,,0.93,us,usp000e199,2014-11-07T01:27:19.912Z,"38 km S of Jurm, Afghanistan",earthquake,,,,21,reviewed,us,us
2005-10-08T21:05:25.820Z,34.58,73.156,10,4.4,mb,14,178.5,,1.08,us,usp000e198,2014-11-07T01:27:19.910Z,"16 km SE of Battagram, Pakistan",earthquake,,,,2,reviewed,us,us
2005-10-08T20:52:45.540Z,34.583,73.037,10,3.9,mb,18,160,,1.07,us,usp000e197,2014-11-07T01:27:19.908Z,"10 km S of Battagram, Pakistan",earthquake,,,,2,reviewed,us,us
2005-10-08T20:16:34.000Z,34.67,73.315,10,4.7,mb,77,65.2,,0.88,us,usp000e196,2014-11-07T01:27:19.902Z,"26 km E of Battagram, Pakistan",earthquake,,,,27,reviewed,us,us
2005-10-08T20:15:11.130Z,-7.8,-78.436,65.2,4.3,mb,9,104.2,,1.24,us,usp000e195,2014-11-07T01:27:19.901Z,"2 km NW of Usquil, Peru",earthquake,,19.7,,2,reviewed,us,us
2005-10-08T20:03:30.250Z,47.187,-26.957,10,4.3,mb,25,172.4,,1.3,us,usp000e194,2014-11-07T01:27:19.898Z,"northern Mid-Atlantic Ridge",earthquake,,0,,12,reviewed,us,us
2005-10-08T19:33:37.440Z,34.597,73.2,10,4.6,mb,65,70.7,,0.82,us,usp000e193,2014-11-07T01:27:19.893Z,"17 km N of Baffa, Pakistan",earthquake,,,,21,reviewed,us,us
2005-10-08T19:26:05.430Z,-17.592,-69.201,139.3,4.6,mb,9,114.2,,1.24,us,usp000e192,2014-11-07T01:27:19.891Z,"83 km ENE of Palca, Peru",earthquake,,12.4,,3,reviewed,us,us
2005-10-08T19:25:54.450Z,34.702,73.089,10,4.7,mb,17,101.7,,0.76,us,usp000e191,2014-11-07T01:27:19.889Z,"6 km ENE of Battagram, Pakistan",earthquake,,,,3,reviewed,us,us
2005-10-08T19:24:31.830Z,34.704,73.17,10,4.5,mb,75,61.8,,0.93,us,usp000e190,2014-11-07T01:27:19.883Z,"13 km ENE of Battagram, Pakistan",earthquake,,,,25,reviewed,us,us
2005-10-08T19:23:12.530Z,34.729,73.164,10,4.4,mb,26,97.1,,0.95,us,usp000e18z,2014-11-07T01:27:19.881Z,"14 km ENE of Battagram, Pakistan",earthquake,,,,5,reviewed,us,us
2005-10-08T19:22:38.148Z,57.2851,-143.6507,22.9,2.7,ml,,,,0.65,ak,ak005cx1gjye,2019-02-13T03:38:56.838Z,"Gulf of Alaska",earthquake,,462.7,,,reviewed,ak,ak
2005-10-08T19:08:00.490Z,34.798,73.168,10,4.9,mb,117,66.2,,0.96,us,usp000e18y,2022-05-02T18:03:22.331Z,"18 km NE of Battagram, Pakistan",earthquake,,,,49,reviewed,us,us
2005-10-08T19:05:05.210Z,34.611,73.229,10,3.6,mb,19,97.2,,1.32,us,usp000e18x,2014-11-07T01:27:19.870Z,"19 km N of Baffa, Pakistan",earthquake,,,,3,reviewed,us,us
2005-10-08T19:01:58.850Z,34.004,73.431,10,3.3,mb,9,302,,1.15,us,usp000e18w,2014-11-07T01:27:19.869Z,"11 km NNE of Murree, Pakistan",earthquake,,,,2,reviewed,us,us
2005-10-08T18:52:16.170Z,34.459,72.907,10,3.4,mb,10,114.7,,0.75,us,usp000e18v,2014-11-07T01:27:19.867Z,"25 km SSW of Shingli Bala, Pakistan",earthquake,,,,1,reviewed,us,us
2005-10-08T18:49:28.420Z,34.561,73.132,10,3.5,mb,6,114.7,,0.88,us,usp000e18u,2014-11-07T01:27:19.866Z,"16 km NNW of Baffa, Pakistan",earthquake,,,,1,reviewed,us,us
2005-10-08T18:47:21.900Z,34.4,73.668,10,4.9,mb,15,110.8,,1,us,usp000e18t,2014-11-07T01:27:19.864Z,"18 km E of Muzaffar?b?d, Pakistan",earthquake,,,,2,reviewed,us,us
2005-10-08T18:43:41.760Z,34.626,73.157,10,4.6,mb,42,65.6,,1.18,us,usp000e18s,2014-11-07T01:27:19.861Z,"13 km ESE of Battagram, Pakistan",earthquake,,,,18,reviewed,us,us
2005-10-08T18:16:30.420Z,34.795,73.3,10,3.2,mb,7,214.6,,1.1,us,usp000e18r,2014-11-07T01:27:19.860Z,"28 km ENE of Battagram, Pakistan",earthquake,,,,1,reviewed,us,us
2005-10-08T18:06:14.650Z,34.71,73.179,10,3.8,mb,19,167.8,,0.93,us,usp000e18q,2014-11-07T01:27:19.858Z,"14 km ENE of Battagram, Pakistan",earthquake,,,,4,reviewed,us,us
2005-10-08T18:05:44.630Z,34.689,73.152,10,3.7,mb,9,214.8,,0.47,us,usp000e18p,2014-11-07T01:27:19.856Z,"11 km E of Battagram, Pakistan",earthquake,,,,2,reviewed,us,us
2005-10-08T18:04:01.490Z,-29.515,-69.356,107.5,3.7,mb,16,124.1,,1.26,us,usp000e18n,2014-11-07T01:27:19.854Z,"99 km NW of San José de Jáchal, Argentina",earthquake,,11,,1,reviewed,us,us
2005-10-08T17:53:09.580Z,34.706,73.331,10,4.3,mb,24,127.4,,1.04,us,usp000e18m,2014-11-07T01:27:19.852Z,"28 km E of Battagram, Pakistan",earthquake,,,,8,reviewed,us,us
2005-10-08T17:34:18.270Z,34.534,73.15,10,3.4,mb,8,214.8,,0.78,us,usp000e18k,2014-11-07T01:27:19.850Z,"12 km NNW of Baffa, Pakistan",earthquake,,,,1,reviewed,us,us
2005-10-08T17:23:43.369Z,65.5739,-153.3979,17.2,2.8,ml,,,,0.57,ak,ak005cx09wv4,2019-02-13T03:32:30.704Z,"65 km SE of Hughes, Alaska",earthquake,,10.4,,,reviewed,ak,ak
2005-10-08T17:14:15.660Z,34.741,73.367,10,4.7,mb,18,122,,0.9,us,usp000e18h,2014-11-07T01:27:19.847Z,"32 km ENE of Battagram, Pakistan",earthquake,,,,8,reviewed,us,us
2005-10-08T17:12:23.580Z,34.576,73.251,10,4.5,mb,65,59.5,,0.89,us,usp000e18g,2014-11-07T01:27:19.841Z,"15 km N of Baffa, Pakistan",earthquake,,,,28,reviewed,us,us
2005-10-08T17:11:53.640Z,34.178,73.391,10,3.7,mb,12,273.2,,1.18,us,usp000e18f,2014-11-07T01:27:19.840Z,"16 km ENE of Abbottabad, Pakistan",earthquake,,,,4,reviewed,us,us
2005-10-08T16:58:32.470Z,7.52,93.938,20.5,4.7,mb,69,83.9,,0.89,us,usp000e18e,2014-11-07T01:27:19.833Z,"236 km NW of Sabang, Indonesia",earthquake,,,,29,reviewed,us,us
2005-10-08T16:54:48.710Z,34.361,73.472,10,4.3,mb,21,143.6,,1.19,us,usp000e18d,2014-11-07T01:27:19.831Z,"1 km S of Muzaffar?b?d, Pakistan",earthquake,,,,6,reviewed,us,us
2005-10-08T16:37:49.510Z,34.603,73.643,10,4.5,mb,54,83.9,,0.75,us,usp000e18c,2014-11-07T01:27:19.826Z,"30 km NNE of Muzaffar?b?d, Pakistan",earthquake,,,,27,reviewed,us,us
2005-10-08T16:31:55.460Z,-5.402,151.696,83.9,4.9,mb,34,61.7,,1.12,us,usp000e18b,2014-11-07T01:27:19.823Z,"133 km SSW of Kokopo, Papua New Guinea",earthquake,,12.4,,5,reviewed,us,us
2005-10-08T16:29:11.400Z,34.723,73.205,10,3.9,mb,14,198.4,,1.2,us,usp000e18a,2014-11-07T01:27:19.821Z,"17 km ENE of Battagram, Pakistan",earthquake,,,,4,reviewed,us,us
2005-10-08T16:24:18.480Z,34.82,73.454,10,4,mb,9,200.6,,0.72,us,usp000e188,2014-11-07T01:27:19.818Z,"42 km ENE of Battagram, Pakistan",earthquake,,,,2,reviewed,us,us
2005-10-08T16:21:49.600Z,34.815,73.222,10,3.6,mb,11,147,,0.57,us,usp000e187,2014-11-07T01:27:19.808Z,"23 km NE of Battagram, Pakistan",earthquake,,,,1,reviewed,us,us
2005-10-08T16:20:30.440Z,34.679,73.329,10,4.4,mb,32,78.7,,0.73,us,usp000e186,2014-11-07T01:27:19.804Z,"28 km E of Battagram, Pakistan",earthquake,,,,15,reviewed,us,us
2005-10-08T16:09:47.080Z,34.214,73.321,10,3.7,mb,11,201.1,,1.1,us,usp000e184,2014-11-07T01:27:19.801Z,"12 km NE of Abbottabad, Pakistan",earthquake,,,,1,reviewed,us,us
2005-10-08T15:55:51.340Z,34.774,73.817,10,4.6,mb,21,167.4,,1.02,us,usp000e183,2014-11-07T01:27:19.799Z,"54 km NE of Muzaffar?b?d, Pakistan",earthquake,,,,3,reviewed,us,us
2005-10-08T15:51:54.240Z,36.286,71.63,10,4.8,mb,116,86.2,,0.81,us,usp000e182,2014-11-07T01:27:19.790Z,"44 km S of Ashk?sham, Afghanistan",earthquake,,,,64,reviewed,us,us
2005-10-08T15:49:37.110Z,34.687,73.038,10,3.7,mb,17,169,,0.82,us,usp000e181,2014-11-07T01:27:19.788Z,"1 km NE of Battagram, Pakistan",earthquake,,,,1,reviewed,us,us
2005-10-08T15:42:23.080Z,34.243,73.396,10,3.6,mb,13,200,,0.58,us,usp000e180,2014-11-07T01:27:19.786Z,"15 km SSW of Muzaffar?b?d, Pakistan",earthquake,,,,3,reviewed,us,us
2005-10-08T15:36:11.400Z,38.88,27.47,45,3.5,md,5,253.5,,,us,usp000e17z,2014-11-07T01:27:19.785Z,"18 km NNW of Saruhanl?, Turkey",earthquake,,,,,reviewed,ath,ath
2005-10-08T15:33:09.200Z,34.613,72.972,10,4.3,mb,23,176.6,,0.78,us,usp000e17y,2014-11-07T01:27:19.782Z,"7 km S of Shingli Bala, Pakistan",earthquake,,,,6,reviewed,us,us
2005-10-08T15:30:05.350Z,34.614,73.138,10,3.5,mb,11,199.9,,0.54,us,usp000e17x,2014-11-07T01:27:19.781Z,"12 km ESE of Battagram, Pakistan",earthquake,,,,2,reviewed,us,us
2005-10-08T15:22:50.760Z,34.913,73.147,10,4.7,mb,69,102.8,,0.87,us,usp000e17w,2014-11-07T01:27:19.775Z,"28 km NNE of Battagram, Pakistan",earthquake,,,,33,reviewed,us,us
2005-10-08T15:22:40.840Z,34.611,73.112,10,4.3,mb,25,128.2,,0.82,us,usp000e17v,2014-11-07T01:27:19.773Z,"10 km SE of Battagram, Pakistan",earthquake,,,,3,reviewed,us,us
2005-10-08T15:07:18.390Z,34.641,73.212,10,4.2,mb,9,199.8,,0.91,us,usp000e17u,2014-11-07T01:27:19.771Z,"17 km ESE of Battagram, Pakistan",earthquake,,,,1,reviewed,us,us
2005-10-08T15:04:47.610Z,34.482,73.11,10,3.5,mb,14,187.7,,1.46,us,usp000e17t,2014-11-07T01:27:19.769Z,"11 km WNW of Baffa, Pakistan",earthquake,,,,4,reviewed,us,us
2005-10-08T14:51:42.390Z,34.247,73.373,10,4.8,mb,8,203.9,,0.83,us,usp000e17s,2014-11-07T01:27:19.768Z,"16 km SSW of Muzaffar?b?d, Pakistan",earthquake,,,,1,reviewed,us,us
2005-10-08T14:46:10.200Z,40.8,19.37,20,3.3,md,15,166.4,,,us,usp000e17r,2014-11-07T01:27:19.766Z,"17 km WNW of Fier, Albania",earthquake,,,,,reviewed,ath,ath
2005-10-08T14:45:50.210Z,54.266,-160.637,5,3.2,ml,19,229.5,,,us,usp000e17q,2019-02-13T03:32:21.945Z,"119 km S of Sand Point, Alaska",earthquake,,,,,reviewed,aeic,aeic
2005-10-08T14:39:26.480Z,34.095,73.773,10,4,mb,25,79,,0.96,us,usp000e17p,2014-11-07T01:27:19.761Z,"25 km W of Uri, India",earthquake,,,,7,reviewed,us,us
2005-10-08T14:29:58.900Z,37.7,21.78,22,3.2,md,6,129.9,,,us,usp000e17n,2014-11-07T01:27:19.760Z,"5 km ESE of Lálas, Greece",earthquake,,,,,reviewed,ath,ath
2005-10-08T14:14:57.870Z,34.134,73.509,10,3.6,mb,15,201,,0.97,us,usp000e17m,2014-11-07T01:27:19.757Z,"26 km S of Muzaffar?b?d, Pakistan",earthquake,,,,6,reviewed,us,us
2005-10-08T14:08:27.650Z,34.691,73.268,10,3.4,mb,12,203.6,,0.43,us,usp000e17k,2014-11-07T01:27:19.756Z,"22 km E of Battagram, Pakistan",earthquake,,,,2,reviewed,us,us
2005-10-08T13:59:30.960Z,34.685,73.279,10,4.2,mb,40,108,,1.13,us,usp000e17j,2014-11-07T01:27:19.752Z,"23 km E of Battagram, Pakistan",earthquake,,,,10,reviewed,us,us
2005-10-08T13:46:00.440Z,34.635,73.063,10,4.9,mb,131,57,,0.93,us,usp000e17h,2022-05-02T18:03:16.886Z,"5 km SE of Battagram, Pakistan",earthquake,,,,62,reviewed,us,us
2005-10-08T13:40:08.400Z,34.34,73.629,10,4.5,mb,46,105,,0.9,us,usp000e17g,2014-11-07T01:27:19.737Z,"14 km ESE of Muzaffar?b?d, Pakistan",earthquake,,,,19,reviewed,us,us
2005-10-08T13:35:35.820Z,34.736,73.331,10,3.4,mb,16,198.9,,0.91,us,usp000e17f,2014-11-07T01:27:19.735Z,"28 km ENE of Battagram, Pakistan",earthquake,,,,4,reviewed,us,us
2005-10-08T13:28:19.030Z,34.31,73.121,10,3.9,mb,17,187.9,,1.32,us,usp000e17e,2014-11-07T01:27:19.733Z,"7 km WSW of Mansehra, Pakistan",earthquake,,,,5,reviewed,us,us
2005-10-08T13:21:59.070Z,35.6735,-121.1011667,5.358,2.88,md,64,107,0.04414,0.08,nc,nc21488458,2017-01-12T20:15:06.600Z,"8 km ENE of San Simeon, California",earthquake,0.12,0.34,0.11,81,reviewed,nc,nc
2005-10-08T13:08:11.260Z,34.781,73.049,10,3.6,mb,13,271.8,,0.82,us,usp000e17c,2014-11-07T01:27:19.730Z,"11 km NNE of Battagram, Pakistan",earthquake,,,,3,reviewed,us,us
2005-10-08T12:59:47.720Z,-21.455,-178.753,523.2,4.3,mb,15,147.6,,1.23,us,usp000e17b,2014-11-07T01:27:19.728Z,"Fiji region",earthquake,,18.3,,4,reviewed,us,us
2005-10-08T12:53:37.750Z,34.62,73.252,10,4.8,mb,71,81.6,,0.88,us,usp000e17a,2014-11-07T01:27:19.721Z,"20 km N of Baffa, Pakistan",earthquake,,,,30,reviewed,us,us
2005-10-08T12:44:51.350Z,34.75,73.272,10,5.2,mb,248,37.1,,1.05,us,usp000e179,2022-05-02T18:03:15.034Z,"Pakistan",earthquake,,,,120,reviewed,us,us
2005-10-08T12:42:33.500Z,37.7,21.83,9,3.3,md,8,124.7,,,us,usp000e178,2014-11-07T01:27:19.698Z,"9 km E of Lálas, Greece",earthquake,,,,,reviewed,ath,ath
2005-10-08T12:34:19.500Z,42.853,13.153,16.9,2.5,md,6,196.1,,,us,usp000e177,2014-11-07T01:27:19.696Z,"4 km S of Castelsantangelo sul Nera, Italy",earthquake,,,,,reviewed,rom,rom
2005-10-08T12:25:20.180Z,34.771,73.12,10,5.7,mwc,436,36.4,,0.94,us,usp000e176,2022-05-02T18:03:09.503Z,"13 km NE of Battagram, Pakistan",earthquake,,,,,reviewed,us,hrv
2005-10-08T12:23:17.060Z,34.454,73.051,10,4.8,mb,28,128,,0.92,us,usp000e175,2014-11-07T01:27:19.642Z,"15 km W of Baffa, Pakistan",earthquake,,,,5,reviewed,us,us
2005-10-08T12:20:25.300Z,36.43,23.07,22,4.2,mb,117,41.6,,,us,usp000e174,2014-11-07T01:27:19.632Z,"28 km S of Géfyra, Greece",earthquake,,,,25,reviewed,ath,us
2005-10-08T12:18:38.610Z,34.715,73.114,10,4.9,mb,97,66.7,,0.68,us,usp000e173,2022-05-02T18:03:04.379Z,"9 km ENE of Battagram, Pakistan",earthquake,,,,31,reviewed,us,us
2005-10-08T12:17:46.250Z,35.671,-121.0983333,5.746,3.9,mw,76,107,0.04685,0.08,nc,nc21488452,2022-06-18T10:35:36.117Z,"8 km ENE of San Simeon, California",earthquake,0.14,0.43,,3,reviewed,nc,nc
2005-10-08T12:10:04.080Z,34.621,72.996,10,5.2,mb,18,145.7,,0.58,us,usp000e170,2014-11-07T01:27:19.619Z,"6 km S of Shingli Bala, Pakistan",earthquake,,,,5,reviewed,us,us
2005-10-08T12:08:27.850Z,34.593,73.187,10,5.6,mwc,307,36.3,,1.07,us,usp000e16z,2022-05-02T18:02:58.579Z,"17 km N of Baffa, Pakistan",earthquake,,,,,reviewed,us,hrv
2005-10-08T12:06:29.770Z,34.479,73.181,10,4.4,mb,28,168.2,,0.92,us,usp000e16y,2014-11-07T01:27:19.593Z,"6 km NW of Baffa, Pakistan",earthquake,,,,7,reviewed,us,us
2005-10-08T12:05:31.450Z,34.574,73.163,10,3.6,mb,13,199.9,,0.9,us,usp000e16x,2014-11-07T01:27:19.592Z,"16 km NNW of Baffa, Pakistan",earthquake,,,,2,reviewed,us,us
2005-10-08T11:57:07.300Z,34.618,72.952,10,4.1,mb,21,201.1,,1.04,us,usp000e16w,2014-11-07T01:27:19.589Z,"7 km SSW of Shingli Bala, Pakistan",earthquake,,,,7,reviewed,us,us
2005-10-08T11:55:15.600Z,-38.166,-73.456,15,4.4,mb,18,311.9,,,us,usp000e16v,2014-11-07T01:27:19.587Z,"40 km S of Cañete, Chile",earthquake,,,,1,reviewed,guc,us
2005-10-08T11:52:02.080Z,34.625,73.225,10,4.7,mb,87,86.3,,0.85,us,usp000e16u,2014-11-07T01:27:19.580Z,"19 km ESE of Battagram, Pakistan",earthquake,,,,30,reviewed,us,us
2005-10-08T11:50:59.340Z,34.726,73.166,10,3.7,mb,12,203.7,,0.7,us,usp000e16t,2014-11-07T01:27:19.578Z,"14 km ENE of Battagram, Pakistan",earthquake,,,,4,reviewed,us,us
2005-10-08T11:50:18.300Z,34.245,73.428,10,3.7,mb,11,200,,0.57,us,usp000e16s,2014-11-07T01:27:19.577Z,"14 km SSW of Muzaffar?b?d, Pakistan",earthquake,,,,2,reviewed,us,us
2005-10-08T11:49:08.150Z,34.779,72.623,10,4.2,mb,16,200.2,,1.14,us,usp000e16r,2014-11-07T01:27:19.575Z,"23 km E of Mingora, Pakistan",earthquake,,,,5,reviewed,us,us
2005-10-08T11:42:16.210Z,34.646,73.126,10,4.7,mb,30,163.1,,0.89,us,usp000e16q,2014-11-07T01:27:19.572Z,"10 km ESE of Battagram, Pakistan",earthquake,,,,8,reviewed,us,us
2005-10-08T11:36:48.050Z,-24.97,-68.808,101.6,5.1,mb,76,87.8,,1.2,us,usp000e16p,2014-11-07T01:27:19.563Z,"175 km ENE of Taltal, Chile",earthquake,,,,27,reviewed,us,us
2005-10-08T11:33:33.540Z,34.726,73.043,10,5,mb,223,21.4,,0.8,us,usp000e16n,2022-05-02T18:02:57.207Z,"5 km NNE of Battagram, Pakistan",earthquake,,,,110,reviewed,us,us
2005-10-08T11:32:55.010Z,46.2016667,-122.1868333,-1.201,2.6,md,15,61,,0.14,uw,uw10678918,2016-07-22T21:57:53.100Z,"38 km NNE of Amboy, Washington",earthquake,0.419,0.36,0.04,7,reviewed,uw,uw
2005-10-08T11:30:40.150Z,34.63,73.182,10,4.9,mb,119,65.8,,0.77,us,usp000e16m,2022-05-02T18:02:56.168Z,"15 km ESE of Battagram, Pakistan",earthquake,,,,75,reviewed,us,us
2005-10-08T11:28:41.770Z,34.644,73.243,10,5.1,mb,201,44.1,,0.78,us,usp000e16k,2022-05-02T18:02:54.447Z,"20 km E of Battagram, Pakistan",earthquake,,,,104,reviewed,us,us
2005-10-08T11:23:30.030Z,34.759,73.156,10,4.6,mb,19,167.7,,0.86,us,usp000e16j,2014-11-07T01:27:19.497Z,"15 km NE of Battagram, Pakistan",earthquake,,,,5,reviewed,us,us
2005-10-08T11:20:12.990Z,34.686,73.075,10,4.8,mb,76,39.1,,1.03,us,usp000e16h,2014-11-07T01:27:19.490Z,"4 km ENE of Battagram, Pakistan",earthquake,,,,25,reviewed,us,us
2005-10-08T11:20:07.810Z,34.705,73.125,10,4.7,mb,45,75.6,,0.97,us,usp000e16g,2014-11-07T01:27:19.485Z,"9 km ENE of Battagram, Pakistan",earthquake,,,,15,reviewed,us,us
2005-10-08T11:19:06.570Z,34.697,73.288,10,4,mb,14,199.7,,0.84,us,usp000e16f,2014-11-07T01:27:19.484Z,"24 km E of Battagram, Pakistan",earthquake,,,,3,reviewed,us,us
2005-10-08T11:13:37.290Z,34.709,73.304,10,3.8,mb,14,200.8,,0.77,us,usp000e16e,2014-11-07T01:27:19.482Z,"25 km E of Battagram, Pakistan",earthquake,,,,3,reviewed,us,us
2005-10-08T11:13:02.400Z,-32.529,-69.738,115.4,2.5,md,7,308.9,,,us,usp000e16d,2014-11-07T01:27:19.481Z,"87 km ENE of Los Andes, Chile",earthquake,,,,,reviewed,guc,guc
2005-10-08T11:10:35.310Z,34.0115,-116.7823333,12.774,2.79,ml,92,13,0.03638,0.2,ci,ci10146413,2016-03-07T20:21:56.373Z,"10km N of Cabazon, CA",earthquake,0.15,0.3,0.151,260,reviewed,ci,ci
2005-10-08T11:08:28.340Z,34.341,73.51,10,4.3,mb,17,108.4,,1.01,us,usp000e16b,2014-11-07T01:27:19.477Z,"4 km SE of Muzaffar?b?d, Pakistan",earthquake,,,,5,reviewed,us,us
2005-10-08T11:06:04.880Z,34.518,72.997,10,4.4,mb,17,201.1,,0.76,us,usp000e16a,2014-11-07T01:27:19.475Z,"17 km S of Battagram, Pakistan",earthquake,,,,4,reviewed,us,us
2005-10-08T11:05:34.430Z,34.46,73.087,10,3.8,mb,9,262.9,,0.7,us,usp000e169,2014-11-07T01:27:19.474Z,"12 km W of Baffa, Pakistan",earthquake,,,,1,reviewed,us,us
2005-10-08T11:02:54.320Z,34.601,73.005,10,4.6,mb,46,119.5,,1.09,us,usp000e168,2014-11-07T01:27:19.470Z,"8 km S of Battagram, Pakistan",earthquake,,,,19,reviewed,us,us
2005-10-08T10:59:37.060Z,34.748,73.183,10,4.7,mb,61,78.9,,0.92,us,usp000e167,2014-11-07T01:27:19.465Z,"Pakistan",earthquake,,,,19,reviewed,us,us
2005-10-08T10:49:36.620Z,46.199,-122.1865,-1.859,2.6,md,14,83,,0.16,uw,uw10678783,2016-07-22T21:57:51.750Z,"37 km NNE of Amboy, Washington",earthquake,0.036,0.1,0.05,5,reviewed,uw,uw
2005-10-08T10:46:28.790Z,34.733,73.1,8,6.4,mwc,471,21.4,,0.98,us,usp000e166,2022-07-14T14:24:20.524Z,"9 km NE of Battagram, Pakistan",earthquake,,,,,reviewed,us,hrv
2005-10-08T10:43:23.300Z,37.76,21.24,4,3.3,md,4,172.8,,,us,usp000e165,2014-11-07T01:27:19.410Z,"8 km SW of Savália, Greece",earthquake,,,,,reviewed,ath,ath
2005-10-08T10:38:19.900Z,34.581,73.314,10,4,mb,11,214.7,,0.43,us,usp000e164,2014-11-07T01:27:19.409Z,"17 km NNE of Baffa, Pakistan",earthquake,,,,3,reviewed,us,us
2005-10-08T10:34:36.840Z,34.297,73.613,10,4.7,mb,76,88,,0.74,us,usp000e163,2014-11-07T01:27:19.403Z,"15 km ESE of Muzaffar?b?d, Pakistan",earthquake,,,,24,reviewed,us,us
2005-10-08T10:33:29.000Z,38.67,27.78,45,3.7,md,16,70.7,,,us,usp000e162,2014-11-07T01:27:19.401Z,"12 km WSW of Gölmarmara, Turkey",earthquake,,,,,reviewed,ath,ath
2005-10-08T10:31:32.740Z,34.251,73.622,10,4.7,mb,94,65.1,,0.82,us,usp000e161,2014-11-07T01:27:19.394Z,"19 km SE of Muzaffar?b?d, Pakistan",earthquake,,,,34,reviewed,us,us
2005-10-08T10:24:37.590Z,34.449,73.459,10,4.5,mb,41,169.3,,0.94,us,usp000e160,2014-11-07T01:27:19.390Z,"8 km N of Muzaffar?b?d, Pakistan",earthquake,,,,12,reviewed,us,us
2005-10-08T10:22:35.100Z,-41.17,174.63,43,3.9,ml,44,65.5,,,us,usp000e15z,2014-11-07T01:27:19.387Z,"16 km WNW of Khandallah, New Zealand",earthquake,,,,,reviewed,wel,wel
2005-10-08T10:16:58.110Z,34.778,73.087,10,4.7,mb,150,37.6,,0.93,us,usp000e15y,2022-05-02T18:02:51.500Z,"12 km NNE of Battagram, Pakistan",earthquake,,,,69,reviewed,us,us
2005-10-08T10:09:53.210Z,35.041,73.212,10,4.2,mb,30,96.5,,0.85,us,usp000e15x,2014-11-07T01:27:19.372Z,"43 km NNE of Battagram, Pakistan",earthquake,,,,8,reviewed,us,us
2005-10-08T10:09:24.930Z,43.568,16.898,2.5,2.8,md,11,317,,,us,usp000e15w,2014-11-07T01:27:19.370Z,"11 km NW of Lovre?, Croatia",earthquake,,,,,reviewed,pdg,pdg
2005-10-08T10:05:25.260Z,34.225,73.635,10,3.6,mb,16,178.6,,0.93,us,usp000e15v,2014-11-07T01:27:19.369Z,"22 km SE of Muzaffar?b?d, Pakistan",earthquake,,,,4,reviewed,us,us
2005-10-08T10:04:34.990Z,34.272,73.648,10,3.4,mb,17,178.6,,0.81,us,usp000e15u,2014-11-07T01:27:19.367Z,"19 km ESE of Muzaffar?b?d, Pakistan",earthquake,,,,3,reviewed,us,us
2005-10-08T10:02:10.260Z,34.606,73.052,10,3.8,mb,11,179.8,,0.96,us,usp000e15t,2014-11-07T01:27:19.365Z,"8 km SSE of Battagram, Pakistan",earthquake,,,,3,reviewed,us,us
2005-10-08T09:56:08.430Z,34.562,72.974,10,4.1,mb,8,200,,0.39,us,usp000e15s,2014-11-07T01:27:19.364Z,"12 km S of Shingli Bala, Pakistan",earthquake,,,,1,reviewed,us,us
2005-10-08T09:51:10.930Z,34.551,72.914,10,4.3,mb,12,200.1,,0.67,us,usp000e15r,2014-11-07T01:27:19.362Z,"15 km SSW of Shingli Bala, Pakistan",earthquake,,,,2,reviewed,us,us
2005-10-08T09:44:25.790Z,34.185,73.778,10,3.5,mb,12,225.8,,1.19,us,usp000e15q,2014-11-07T01:27:19.361Z,"27 km WNW of Uri, India",earthquake,,,,1,reviewed,us,us
2005-10-08T09:42:53.900Z,-31.597,-69.413,159.4,3.5,md,17,80.9,,,us,usp000e15p,2014-11-07T01:27:19.358Z,"San Juan, Argentina",earthquake,,,,,reviewed,guc,guc
2005-10-08T09:36:50.930Z,34.202,73.888,10,4.8,mb,123,56.6,,0.81,us,usp000e15n,2022-05-02T18:06:17.192Z,"20 km NW of Uri, India",earthquake,,,,50,reviewed,us,us
2005-10-08T09:35:18.860Z,34.783,73.083,10,3.8,mb,16,127.5,,0.92,us,usp000e15m,2014-11-07T01:27:19.345Z,"12 km NNE of Battagram, Pakistan",earthquake,,,,4,reviewed,us,us
2005-10-08T09:32:00.070Z,34.565,73.056,10,4.5,mb,9,203.9,,0.76,us,usp000e15k,2014-11-07T01:27:19.344Z,"12 km SSE of Battagram, Pakistan",earthquake,,,,1,reviewed,us,us
2005-10-08T09:27:44.610Z,34.241,73.564,10,3.9,mb,20,208.8,,1.15,us,usp000e15j,2014-11-07T01:27:19.342Z,"16 km SSE of Muzaffar?b?d, Pakistan",earthquake,,,,5,reviewed,us,us
2005-10-08T09:11:03.500Z,34.248,73.736,10,4.4,mb,43,66,,0.89,us,usp000e15h,2014-11-07T01:27:19.337Z,"27 km ESE of Muzaffar?b?d, Pakistan",earthquake,,,,9,reviewed,us,us
2005-10-08T09:01:55.340Z,34.688,73.247,10,5.1,mb,204,56.8,,0.91,us,usp000e15g,2022-05-02T18:02:45.667Z,"20 km E of Battagram, Pakistan",earthquake,,,,119,reviewed,us,us
2005-10-08T08:54:07.760Z,34.426,73.541,10,3.8,mb,20,178.4,,0.83,us,usp000e15f,2014-11-07T01:27:19.318Z,"8 km NE of Muzaffar?b?d, Pakistan",earthquake,,,,5,reviewed,us,us
2005-10-08T08:52:32.500Z,34.704,73.016,10,4.6,mb,13,145.7,,0.85,us,usp000e15e,2014-11-07T01:27:19.316Z,"3 km NNW of Battagram, Pakistan",earthquake,,,,1,reviewed,us,us
2005-10-08T08:45:00.790Z,34.055,73.663,10,3.7,mb,19,169.9,,0.75,us,usp000e15d,2014-11-07T01:27:19.314Z,"Pakistan",earthquake,,,,4,reviewed,us,us
2005-10-08T08:38:08.690Z,34.524,73.328,10,3.5,mb,11,187.5,,0.79,us,usp000e15c,2014-11-07T01:27:19.311Z,"13 km NE of Baffa, Pakistan",earthquake,,,,1,reviewed,us,us
2005-10-08T08:33:47.910Z,34.71,73.071,10,4,mb,15,199.9,,0.64,us,usp000e15b,2014-11-07T01:27:19.310Z,"5 km NE of Battagram, Pakistan",earthquake,,,,1,reviewed,us,us
2005-10-08T08:21:52.170Z,34.788,73.123,10,5,mb,207,56.9,,0.83,us,usp000e15a,2022-05-02T18:34:57.196Z,"15 km NE of Battagram, Pakistan",earthquake,,,,109,reviewed,us,us
2005-10-08T08:14:44.700Z,34.774,73.275,10,3.8,mb,24,145.6,,0.65,us,usp000e159,2014-11-07T01:27:19.291Z,"25 km ENE of Battagram, Pakistan",earthquake,,,,5,reviewed,us,us
2005-10-08T08:08:54.520Z,34.589,73.211,10,3.6,mb,21,168,,1.14,us,usp000e158,2014-11-07T01:27:19.288Z,"16 km N of Baffa, Pakistan",earthquake,,,,3,reviewed,us,us
2005-10-08T07:57:00.670Z,34.582,73.346,10,4.8,mb,132,28.1,,0.76,us,usp000e157,2022-05-02T18:02:40.080Z,"19 km NE of Baffa, Pakistan",earthquake,,,,65,reviewed,us,us
2005-10-08T07:52:07.080Z,34.429,73.265,10,3.9,mb,15,178,,0.83,us,usp000e156,2014-11-07T01:27:19.276Z,"3 km ESE of Baffa, Pakistan",earthquake,,,,5,reviewed,us,us
2005-10-08T07:43:54.120Z,34.362,73.633,10,4.7,mb,54,96,,0.97,us,usp000e155,2014-11-07T01:27:19.271Z,"14 km E of Muzaffar?b?d, Pakistan",earthquake,,,,20,reviewed,us,us
2005-10-08T07:39:44.400Z,-39.86,174.19,129,4.3,m,55,104.5,,,us,usp000e154,2014-11-07T01:27:19.266Z,"27 km WSW of Patea, New Zealand",earthquake,,,,,reviewed,wel,wel
2005-10-08T07:37:21.840Z,34.832,73.083,10,4.8,mb,143,45.7,,0.92,us,usp000e153,2022-05-02T18:02:38.664Z,"18 km NNE of Battagram, Pakistan",earthquake,,,,52,reviewed,us,us
2005-10-08T07:33:22.920Z,34.65,73.306,10,4.7,mb,31,141.1,,0.6,us,usp000e152,2014-11-07T01:27:19.253Z,"24 km NNE of Baffa, Pakistan",earthquake,,,,6,reviewed,us,us
2005-10-08T07:32:00.720Z,34.682,73.252,10,4.8,mb,94,36.3,,0.78,us,usp000e151,2014-11-07T01:27:19.245Z,"20 km E of Battagram, Pakistan",earthquake,,,,37,reviewed,us,us
2005-10-08T07:29:06.220Z,52.158,-168.984,65.1,2.7,ml,7,324.9,,,us,usp000e150,2019-02-13T03:32:25.813Z,"87 km S of Nikolski, Alaska",earthquake,,,,,reviewed,aeic,aeic
2005-10-08T07:27:39.860Z,34.619,73.121,10,3.6,mb,13,199.9,,0.83,us,usp000e14z,2014-11-07T01:27:19.242Z,"11 km SE of Battagram, Pakistan",earthquake,,,,3,reviewed,us,us
2005-10-08T07:25:38.700Z,34.09,73.074,10,4,mb,12,200.3,,0.92,us,usp000e14y,2014-11-07T01:27:19.241Z,"8 km WNW of Havelian, Pakistan",earthquake,,,,2,reviewed,us,us
2005-10-08T07:20:23.250Z,34.499,73.181,10,4.4,mb,10,199.9,,0.63,us,usp000e14x,2014-11-07T01:27:19.239Z,"7 km NNW of Baffa, Pakistan",earthquake,,,,1,reviewed,us,us
2005-10-08T07:19:42.400Z,12.336,-86.326,95.2,3.5,mb,9,150.1,,0.41,us,usp000e14w,2014-11-07T01:27:19.238Z,"19 km N of Ciudad Sandino, Nicaragua",earthquake,,17.5,,2,reviewed,us,us
2005-10-08T07:17:19.400Z,34.756,73.225,10,4.2,mb,13,199.7,,0.58,us,usp000e14v,2014-11-07T01:27:19.236Z,"20 km ENE of Battagram, Pakistan",earthquake,,,,3,reviewed,us,us
2005-10-08T07:15:00.300Z,34.377,73.513,10,3.9,mb,15,178.5,,0.97,us,usp000e14u,2014-11-07T01:27:19.235Z,"3 km ENE of Muzaffar?b?d, Pakistan",earthquake,,,,4,reviewed,us,us
2005-10-08T07:13:33.290Z,34.678,73.057,10,4.2,mb,19,145.7,,0.64,us,usp000e14t,2014-11-07T01:27:19.233Z,"3 km E of Battagram, Pakistan",earthquake,,,,6,reviewed,us,us
2005-10-08T07:12:55.020Z,34.652,73.353,10,4,mb,15,187.3,,0.8,us,usp000e14s,2014-11-07T01:27:19.231Z,"26 km NNE of Baffa, Pakistan",earthquake,,,,2,reviewed,us,us
2005-10-08T07:11:51.650Z,34.625,73.484,10,4.1,mb,14,199.6,,0.93,us,usp000e14r,2014-11-07T01:27:19.229Z,"28 km N of Muzaffar?b?d, Pakistan",earthquake,,,,2,reviewed,us,us
2005-10-08T07:01:54.600Z,34.51,73.045,10,4.2,mb,15,187.7,,1.18,us,usp000e14q,2014-11-07T01:27:19.228Z,"18 km WNW of Baffa, Pakistan",earthquake,,,,4,reviewed,us,us
2005-10-08T06:56:39.050Z,34.724,73.585,10,4.1,mb,20,167.6,,0.69,us,usp000e14p,2014-11-07T01:27:19.225Z,"40 km NNE of Muzaffar?b?d, Pakistan",earthquake,,,,4,reviewed,us,us
2005-10-08T06:54:22.430Z,34.723,73.246,10,4.5,mb,37,103.3,,0.77,us,usp000e14n,2014-11-07T01:27:19.222Z,"21 km ENE of Battagram, Pakistan",earthquake,,,,9,reviewed,us,us
2005-10-08T06:51:02.470Z,34.591,73.161,10,4.6,mb,17,199.9,,0.65,us,usp000e14m,2014-11-07T01:27:19.220Z,"15 km SE of Battagram, Pakistan",earthquake,,,,2,reviewed,us,us
2005-10-08T06:44:09.680Z,26.493,129.538,26.1,5,mb,33,111.7,,0.89,us,usp000e14k,2014-11-07T01:27:19.217Z,"155 km E of Nago, Japan",earthquake,,16.2,,9,reviewed,us,us
2005-10-08T06:43:49.544Z,63.1807,-150.4223,110.4,2.7,ml,,,,0.58,ak,ak005cwtug0a,2019-02-13T03:32:18.810Z,"76 km ESE of Denali National Park, Alaska",earthquake,,0.8,,,reviewed,ak,ak
2005-10-08T06:42:30.400Z,34.63,73.47,10,5.4,mb,207,20.5,,1.01,us,usp000e14h,2022-05-02T18:02:37.075Z,"28 km N of Muzaffar?b?d, Pakistan",earthquake,,,,149,reviewed,us,us
2005-10-08T06:38:25.170Z,34.704,73.141,10,4.6,mb,18,199.8,,0.61,us,usp000e14g,2014-11-07T01:27:19.184Z,"11 km ENE of Battagram, Pakistan",earthquake,,,,2,reviewed,us,us
2005-10-08T06:37:21.940Z,-16.727,-70.767,10,4.2,mb,17,111.1,,0.96,us,usp000e14f,2014-11-07T01:27:19.181Z,"9 km WNW of Cuchumbaya, Peru",earthquake,,,,4,reviewed,us,us
2005-10-08T06:35:35.680Z,34.889,73.068,10,4.5,mb,19,203.2,,0.87,us,usp000e14e,2014-11-07T01:27:19.177Z,"23 km N of Battagram, Pakistan",earthquake,,,,2,reviewed,us,us
2005-10-08T06:25:58.760Z,42.074,76.116,10,4.6,mb,41,103.5,,0.91,us,usp000e14d,2014-11-07T01:27:19.140Z,"43 km S of Balykchy, Kyrgyzstan",earthquake,,,,8,reviewed,us,us
2005-10-08T06:24:29.130Z,34.544,73.236,10,4.5,mb,13,185.2,,0.46,us,usp000e14c,2014-11-07T01:27:19.110Z,"11 km N of Baffa, Pakistan",earthquake,,,,3,reviewed,us,us
2005-10-08T06:15:24.710Z,34.536,73.408,10,5.3,mb,346,21.2,,0.79,us,usp000e14b,2022-05-02T18:13:22.936Z,"19 km NNW of Muzaffar?b?d, Pakistan",earthquake,,,,157,reviewed,us,us
2005-10-08T06:14:44.370Z,34.054,73.954,10,4.5,mb,20,108.8,,0.83,us,usp000e14a,2014-11-07T01:27:19.033Z,"9 km WSW of Uri, India",earthquake,,,,2,reviewed,us,us
2005-10-08T06:13:08.330Z,34.467,73.083,10,4.4,mb,10,200,,0.42,us,usp000e149,2014-11-07T01:27:19.032Z,"13 km WNW of Baffa, Pakistan",earthquake,,,,1,reviewed,us,us
2005-10-08T06:10:19.490Z,34.712,73.255,10,4.6,mb,14,187.3,,0.36,us,usp000e148,2014-11-07T01:27:19.030Z,"21 km E of Battagram, Pakistan",earthquake,,,,2,reviewed,us,us
2005-10-08T06:10:00.560Z,34.661,73.137,10,4.5,mb,19,145.7,,0.77,us,usp000e147,2014-11-07T01:27:19.028Z,"10 km E of Battagram, Pakistan",earthquake,,,,3,reviewed,us,us
2005-10-08T06:08:16.330Z,34.713,73.154,10,4.5,mb,15,107.9,,0.53,us,usp000e146,2014-11-07T01:27:19.026Z,"12 km ENE of Battagram, Pakistan",earthquake,,,,2,reviewed,us,us
2005-10-08T06:05:33.290Z,34.612,73.244,10,4.8,mb,53,55.2,,0.82,us,usp000e145,2022-05-02T18:15:59.277Z,"19 km N of Baffa, Pakistan",earthquake,,,,11,reviewed,us,us
2005-10-08T06:02:11.820Z,34.9,73.04,10,4.3,mb,23,107.7,,0.9,us,usp000e144,2014-11-07T01:27:19.020Z,"24 km N of Battagram, Pakistan",earthquake,,,,3,reviewed,us,us
2005-10-08T06:01:03.320Z,34.579,73.126,10,4.4,mb,12,199.9,,0.91,us,usp000e143,2014-11-07T01:27:19.018Z,"14 km SE of Battagram, Pakistan",earthquake,,,,1,reviewed,us,us
2005-10-08T05:54:25.560Z,34.675,73.102,10,4.7,mb,23,125.3,,0.46,us,usp000e142,2014-11-07T01:27:19.015Z,"7 km E of Battagram, Pakistan",earthquake,,,,3,reviewed,us,us
2005-10-08T05:51:50.190Z,34.656,73.46,10,4.7,mb,68,141,,0.62,us,usp000e141,2014-11-07T01:27:19.010Z,"Pakistan",earthquake,,,,32,reviewed,us,us
2005-10-08T05:51:16.290Z,34.712,73.423,10,4.6,mb,16,178.1,,0.71,us,usp000e140,2014-11-07T01:27:19.008Z,"35 km NNE of Baffa, Pakistan",earthquake,,,,3,reviewed,us,us
2005-10-08T05:50:21.390Z,34.59,73.181,10,4.8,mb,11,199.9,,0.8,us,usp000e13z,2014-11-07T01:27:19.006Z,"17 km NNW of Baffa, Pakistan",earthquake,,,,2,reviewed,us,us
2005-10-08T05:49:56.450Z,34.643,73.297,10,4.5,mb,16,199.8,,0.79,us,usp000e13y,2014-11-07T01:27:19.004Z,"23 km NNE of Baffa, Pakistan",earthquake,,,,4,reviewed,us,us
2005-10-08T05:48:27.450Z,34.573,73.311,10,4.2,mb,9,199.8,,0.46,us,usp000e13x,2014-11-07T01:27:19.002Z,"17 km NNE of Baffa, Pakistan",earthquake,,,,1,reviewed,us,us
2005-10-08T05:48:08.198Z,59.9724,-153.0045,121.2,2.7,ml,,,,0.67,ak,ak005cwt9zsj,2019-02-13T03:32:18.179Z,"65 km ENE of Pedro Bay, Alaska",earthquake,,2.3,,,reviewed,ak,ak
2005-10-08T05:44:03.570Z,34.049,73.625,10,4.3,mb,14,200,,0.65,us,usp000e13v,2014-11-07T01:27:18.974Z,"24 km NNW of Rawala Kot, Pakistan",earthquake,,,,4,reviewed,us,us
2005-10-08T05:41:01.330Z,34.665,73.176,10,4.4,mb,29,103.3,,0.67,us,usp000e13u,2014-11-07T01:27:18.971Z,"14 km E of Battagram, Pakistan",earthquake,,,,3,reviewed,us,us
2005-10-08T05:34:52.730Z,34.252,73.607,10,4.9,mb,157,36.1,,0.67,us,usp000e13t,2022-05-02T18:02:35.719Z,"18 km SE of Muzaffar?b?d, Pakistan",earthquake,,,,77,reviewed,us,us
2005-10-08T05:26:05.120Z,34.755,73.152,10,5.5,mb,388,21.3,,0.84,us,usp000e13s,2022-07-14T14:26:05.936Z,"14 km NE of Battagram, Pakistan",earthquake,,,,168,reviewed,us,us
2005-10-08T05:19:48.310Z,34.706,73.13,10,5.3,mb,315,21.4,,0.79,us,usp000e13r,2022-07-14T14:27:58.031Z,"10 km ENE of Battagram, Pakistan",earthquake,,,,142,reviewed,us,us
2005-10-08T05:17:11.550Z,34.743,73.189,10,4.4,mb,20,101.7,,0.74,us,usp000e13q,2014-11-07T01:27:18.904Z,"16 km ENE of Battagram, Pakistan",earthquake,,,,2,reviewed,us,us
2005-10-08T05:14:30.880Z,34.895,73.071,10,4.5,mb,16,103.2,,1.12,us,usp000e13p,2014-11-07T01:27:18.902Z,"Pakistan",earthquake,,,,3,reviewed,us,us
2005-10-08T05:08:41.580Z,34.636,73.234,10,5.4,mb,295,35.5,,0.74,us,usp000e13n,2022-05-02T18:15:57.811Z,"19 km ESE of Battagram, Pakistan",earthquake,,,,142,reviewed,us,us
2005-10-08T05:08:34.190Z,34.61,73.296,10,4.5,mb,12,199.8,,0.64,us,usp000e13m,2014-11-07T01:27:18.877Z,"20 km NNE of Baffa, Pakistan",earthquake,,,,1,reviewed,us,us
2005-10-08T05:01:20.770Z,34.833,73.373,10,4.5,mb,8,107.9,,0.54,us,usp000e13k,2014-11-07T01:27:18.876Z,"36 km ENE of Battagram, Pakistan",earthquake,,,,2,reviewed,us,us
2005-10-08T05:00:28.870Z,34.166,73.561,10,5.1,mb,27,108.5,,0.78,us,usp000e13j,2014-11-07T01:27:18.873Z,"24 km SSE of Muzaffar?b?d, Pakistan",earthquake,,,,3,reviewed,us,us
2005-10-08T05:00:21.010Z,34.694,73.235,10,4.7,mb,79,65.8,,0.79,us,usp000e13h,2014-11-07T01:27:18.867Z,"19 km E of Battagram, Pakistan",earthquake,,,,23,reviewed,us,us
2005-10-08T05:00:06.400Z,34.66,73.152,10,4.5,mb,18,136.7,,0.68,us,usp000e13g,2014-11-07T01:27:18.865Z,"11 km E of Battagram, Pakistan",earthquake,,,,1,reviewed,us,us
2005-10-08T04:56:26.520Z,34.122,73.807,10,4.7,mb,29,122.9,,1.06,us,usp000e13f,2014-11-07T01:27:18.863Z,"22 km WNW of Uri, India",earthquake,,,,4,reviewed,us,us
2005-10-08T04:54:46.500Z,34.813,73.665,10,4.6,mb,12,141.4,,0.81,us,usp000e13e,2014-11-07T01:27:18.861Z,"52 km NNE of Muzaffar?b?d, Pakistan",earthquake,,,,2,reviewed,us,us
2005-10-08T04:54:33.910Z,34.445,73.643,10,4.4,mb,8,140.9,,0.85,us,usp000e13d,2014-11-07T01:27:18.860Z,"17 km ENE of Muzaffar?b?d, Pakistan",earthquake,,,,1,reviewed,us,us
2005-10-08T04:53:59.050Z,34.234,73.179,10,4.5,mb,11,185.5,,0.76,us,usp000e13c,2014-11-07T01:27:18.858Z,"9 km ENE of Amirabad, Pakistan",earthquake,,,,2,reviewed,us,us
2005-10-08T04:52:36.870Z,33.994,73.724,10,4.5,mb,27,143.4,,1.09,us,usp000e13b,2014-11-07T01:27:18.855Z,"15 km NNW of Rawala Kot, Pakistan",earthquake,,,,7,reviewed,us,us
2005-10-08T04:52:10.030Z,34.087,73.153,10,4.5,mb,8,201.3,,0.58,us,usp000e13a,2014-11-07T01:27:18.854Z,"3 km N of Havelian, Pakistan",earthquake,,,,2,reviewed,us,us
2005-10-08T04:50:53.430Z,34.622,73.257,10,4.5,mb,8,200.9,,1.07,us,usp000e139,2014-11-07T01:27:18.853Z,"20 km N of Baffa, Pakistan",earthquake,,,,2,reviewed,us,us
2005-10-08T04:50:19.820Z,34.748,73.287,10,4.6,mb,8,203.6,,0.65,us,usp000e138,2014-11-07T01:27:18.851Z,"25 km ENE of Battagram, Pakistan",earthquake,,,,1,reviewed,us,us
2005-10-08T04:49:25.400Z,34.649,73.337,10,4.4,mb,7,141.3,,0.58,us,usp000e137,2014-11-07T01:27:18.850Z,"25 km NNE of Baffa, Pakistan",earthquake,,,,1,reviewed,us,us
2005-10-08T04:48:34.210Z,34.743,73.104,10,4.5,mb,8,200.9,,0.45,us,usp000e136,2014-11-07T01:27:18.849Z,"10 km NE of Battagram, Pakistan",earthquake,,,,2,reviewed,us,us
2005-10-08T04:46:25.650Z,34.63,73.07,10,4.6,mb,43,94.8,,0.87,us,usp000e135,2014-11-07T01:27:18.844Z,"6 km SE of Battagram, Pakistan",earthquake,,,,15,reviewed,us,us
2005-10-08T04:46:16.560Z,34.825,73.61,10,4.4,mb,11,200.5,,0.76,us,usp000e134,2014-11-07T01:27:18.843Z,"52 km NNE of Muzaffar?b?d, Pakistan",earthquake,,,,3,reviewed,us,us
2005-10-08T04:45:12.180Z,-18.861,168.663,44.5,4.5,mb,14,164.3,,0.81,us,usp000e133,2014-11-07T01:27:18.839Z,"99 km NW of Isangel, Vanuatu",earthquake,,21.7,,2,reviewed,us,us
2005-10-08T04:42:50.630Z,-16.744,-70.848,13.3,4,mb,7,114.9,,1.46,us,usp000e132,2014-11-07T01:27:18.837Z,"3 km E of Quinistaquillas, Peru",earthquake,,16.2,,1,reviewed,us,us
2005-10-08T04:41:27.010Z,33.947,73.815,10,4.5,mb,21,176.8,,0.6,us,usp000e131,2014-11-07T01:27:18.835Z,"11 km NNE of Rawala Kot, Pakistan",earthquake,,,,5,reviewed,us,us
2005-10-08T04:37:30.720Z,34.852,73.241,10,4.6,mb,21,124.4,,0.77,us,usp000e130,2014-11-07T01:27:18.833Z,"27 km NE of Battagram, Pakistan",earthquake,,,,2,reviewed,us,us
2005-10-08T04:34:37.660Z,34.392,73.729,10,5.1,mb,49,66.1,,1.05,us,usp000e12z,2014-11-07T01:27:18.791Z,"23 km E of Muzaffar?b?d, Pakistan",earthquake,,,,11,reviewed,us,us
2005-10-08T04:30:44.120Z,1.957,97.853,30,5.6,mb,240,51.6,,0.84,us,usp000e12y,2022-05-02T18:02:17.838Z,"37 km S of Singkil, Indonesia",earthquake,,,,88,reviewed,us,us
2005-10-08T04:30:43.020Z,34.817,73.061,10,4.9,mb,59,105.4,,0.97,us,usp000e12x,2022-05-02T18:02:15.689Z,"15 km NNE of Battagram, Pakistan",earthquake,,,,22,reviewed,us,us
2005-10-08T04:28:41.990Z,34.668,73.319,10,4.9,mb,14,141.3,,0.86,us,usp000e12w,2014-11-07T01:27:18.765Z,"27 km NNE of Baffa, Pakistan",earthquake,,,,1,reviewed,us,us
2005-10-08T04:26:11.200Z,34.65,73.125,10,5.7,mb,355,30.1,,0.89,us,usp000e12v,2022-07-14T14:29:47.674Z,"9 km ESE of Battagram, Pakistan",earthquake,,,,177,reviewed,us,us
2005-10-08T04:25:26.590Z,34.625,73.07,10,5,mb,32,78.8,,0.58,us,usp000e12u,2014-11-07T01:27:18.733Z,"7 km SE of Battagram, Pakistan",earthquake,,,,4,reviewed,us,us
2005-10-08T04:23:06.470Z,34.718,73.158,10,5.3,mb,36,65.8,,0.94,us,usp000e12t,2022-05-02T18:02:09.936Z,"13 km ENE of Battagram, Pakistan",earthquake,,,,8,reviewed,us,us
2005-10-08T04:21:29.600Z,34.403,73.483,10,4.9,mb,9,156.4,,0.81,us,usp000e12s,2014-11-07T01:27:18.728Z,"3 km NNE of Muzaffar?b?d, Pakistan",earthquake,,,,1,reviewed,us,us
2005-10-08T04:20:28.270Z,34.279,73.472,10,4.7,mb,40,78.6,,0.48,us,usp000e12r,2014-11-07T01:27:18.725Z,"10 km S of Muzaffar?b?d, Pakistan",earthquake,,,,9,reviewed,us,us
2005-10-08T04:19:41.960Z,34.653,73.267,10,4.8,mb,9,187.4,,0.82,us,usp000e12q,2014-11-07T01:27:18.724Z,"22 km E of Battagram, Pakistan",earthquake,,,,1,reviewed,us,us
2005-10-08T04:14:29.790Z,34.629,73.064,10,4.9,mb,18,141.1,,0.44,us,usp000e12p,2014-11-07T01:27:18.722Z,"6 km SE of Battagram, Pakistan",earthquake,,,,2,reviewed,us,us
2005-10-08T04:13:22.100Z,34.766,73.188,10,4.9,mb,34,86.1,,0.65,us,usp000e12n,2014-11-07T01:27:18.719Z,"18 km ENE of Battagram, Pakistan",earthquake,,,,11,reviewed,us,us
2005-10-08T04:07:46.830Z,34.586,73.159,10,5.4,mb,25,145.7,,0.96,us,usp000e12m,2022-05-02T18:07:56.360Z,"16 km SE of Battagram, Pakistan",earthquake,,,,3,reviewed,us,us
2005-10-08T04:02:24.660Z,34.515,73.323,10,5.6,mb,188,44.2,,1.04,us,usp000e12k,2022-05-02T18:13:20.627Z,"12 km NE of Baffa, Pakistan",earthquake,,,,75,reviewed,us,us
2005-10-08T04:01:20.330Z,34.712,73.239,10,5.6,mb,10,145.6,,1.09,us,usp000e12j,2020-09-18T20:43:33.687Z,"20 km E of Battagram, Pakistan",earthquake,,,,2,reviewed,us,us
2005-10-08T03:58:36.280Z,34.353,73.477,10,5.8,mb,22,118.9,,0.84,us,usp000e12h,2020-09-18T20:43:24.363Z,"1 km SSE of Muzaffar?b?d, Pakistan",earthquake,,,,4,reviewed,us,us
2005-10-08T03:58:12.780Z,34.994,73.781,10,5.7,mb,8,184.4,,0.57,us,usp000e12g,2020-09-18T20:43:16.474Z,"74 km NNE of Muzaffar?b?d, Pakistan",earthquake,,,,3,reviewed,us,us
2005-10-08T03:57:19.830Z,34.238,73.579,10,5.9,mb,25,123.3,,1.28,us,usp000e12f,2022-05-02T18:13:19.498Z,"17 km SE of Muzaffar?b?d, Pakistan",earthquake,,,,7,reviewed,us,us
2005-10-08T03:50:40.800Z,34.539,73.588,26,7.6,mwc,724,21.1,,0.9,us,usp000e12e,2024-08-26T11:34:10.043Z,"21 km NNE of Muzaffar?b?d, Pakistan",earthquake,,,,,reviewed,us,hrv
2005-10-08T03:25:30.800Z,42.226,-8.402,21,2.5,mblg,17,79.4,,,us,usp000e12d,2014-11-07T01:27:18.479Z,"4 km W of Covelo, Spain",earthquake,,,,,reviewed,mdd,mdd
2005-10-08T03:20:11.690Z,32.0458333,-115.8016667,5.787,2.9,ml,16,262,0.6051,0.42,ci,ci10146389,2016-03-07T23:32:00.481Z,"63km SSW of Progreso, B.C., MX",earthquake,1.73,31.61,0.216,112,reviewed,ci,ci
2005-10-08T02:44:46.000Z,2.608,94.586,30,4.7,mb,30,94.7,,0.78,us,usp000e12c,2014-11-07T01:27:18.476Z,"200 km W of Sinabang, Indonesia",earthquake,,,,7,reviewed,us,us
2005-10-08T01:41:26.260Z,46.1928333,-122.1946667,-0.644,2.5,md,13,76,,0.15,uw,uw10678498,2016-07-22T21:57:50.090Z,"36 km NNE of Amboy, Washington",earthquake,0.453,0.55,0.03,5,reviewed,uw,uw
2005-10-08T01:11:39.800Z,-29.821,-71.289,48.2,3.7,md,7,312.7,,,us,usp000e12b,2014-11-07T01:27:18.474Z,"10 km NNW of La Serena, Chile",earthquake,,,,,reviewed,guc,guc
2005-10-08T01:07:41.390Z,-7.749,146.724,154.3,3.5,mb,6,142.2,,1.42,us,usp000e12a,2014-11-07T01:27:18.471Z,"45 km S of Wau, Papua New Guinea",earthquake,,22.6,,1,reviewed,us,us
2005-10-08T00:20:22.140Z,-7.732,127.58,152,4.1,mb,8,137.9,,0.67,us,usp000e129,2014-11-07T01:27:18.469Z,"108 km NE of Lospalos, Timor Leste",earthquake,,38.2,,2,reviewed,us,us
2005-10-07T23:48:26.700Z,-29.433,-71.224,60,4.3,md,30,150.2,,,us,usp000e128,2014-11-07T01:27:18.465Z,"52 km N of La Serena, Chile",earthquake,,,,,reviewed,guc,guc
2005-10-07T23:34:52.280Z,1.958,96.785,30,4.6,mb,20,189.3,,0.43,us,usp000e127,2014-11-07T01:27:18.394Z,"73 km SE of Sinabang, Indonesia",earthquake,,,,7,reviewed,us,us
2005-10-07T22:51:28.910Z,43.057,-127.759,10,3.1,mb,49,259.9,,0.53,us,usp000e126,2014-11-07T01:27:18.330Z,"268 km W of Port Orford, Oregon",earthquake,,,,1,reviewed,us,us
2005-10-07T22:33:41.540Z,-17.548,-178.841,507.9,3.9,mb,12,113.5,,0.98,us,usp000e125,2014-11-07T01:27:18.327Z,"203 km ENE of Levuka, Fiji",earthquake,,16.6,,2,reviewed,us,us
2005-10-07T22:07:39.870Z,16.005,95.76,110.9,4.3,mb,17,145.3,,1.06,us,usp000e124,2014-11-07T01:27:18.323Z,"32 km SSE of Pyapon, Myanmar",earthquake,,23.3,,6,reviewed,us,us
2005-10-07T22:01:01.720Z,36.818,-11.108,0,2.7,mblg,18,286.6,,,us,usp000e123,2014-11-07T01:27:18.318Z,"194 km W of Sagres, Portugal",earthquake,,,,,reviewed,mdd,mdd
2005-10-07T21:25:49.180Z,34.827,92.897,10,4.8,mwc,146,57.7,,0.85,us,usp000e122,2016-11-10T01:12:38.189Z,"Southern Qinghai, China",earthquake,,,,,reviewed,us,hrv
2005-10-07T21:08:28.230Z,38.826,-8.476,11.1,2.7,mblg,23,87.9,,,us,usp000e121,2014-11-07T01:27:18.223Z,"15 km SSE of Coruche, Portugal",earthquake,,,,,reviewed,mdd,mdd
2005-10-07T21:02:07.700Z,-31.916,-71.449,39.1,3.5,md,9,203.7,,,us,usp000e120,2014-11-07T01:27:18.221Z,"41 km SW of Illapel, Chile",earthquake,,,,,reviewed,guc,guc
2005-10-07T20:53:32.000Z,-31.931,-71.535,57.8,3.5,md,8,210.2,,,us,usp000e11z,2014-11-07T01:27:18.219Z,"47 km SW of Illapel, Chile",earthquake,,,,,reviewed,guc,guc
2005-10-07T20:30:21.110Z,53.724,-164.135,9.7,3.4,ml,19,224.8,,,us,usp000e11y,2019-02-13T03:32:10.951Z,"117 km ESE of Akutan, Alaska",earthquake,,,,,reviewed,aeic,aeic
2005-10-07T19:19:03.020Z,-0.145,124.876,88.7,4.6,mb,36,109.3,,1.05,us,usp000e11x,2014-11-07T01:27:18.210Z,"160 km S of Tondano, Indonesia",earthquake,,16.2,,14,reviewed,us,us
2005-10-07T18:19:57.820Z,9.953,125.941,100,4.1,mb,10,180.8,,0.74,us,usp000e11w,2014-11-07T01:27:18.169Z,"7 km W of San Benito, Philippines",earthquake,,,,2,reviewed,us,us
2005-10-07T17:57:40.700Z,43.077,13.456,9.2,2.6,md,10,153.8,,,us,usp000e11v,2014-11-07T01:27:18.167Z,"3 km W of Servigliano, Italy",earthquake,,,,,reviewed,rom,rom
2005-10-07T17:52:09.100Z,43.809,12.428,8.7,2.7,md,14,186.7,,,us,usp000e11u,2014-11-07T01:27:18.165Z,"1 km WNW of Macerata Feltria, Italy",earthquake,,,,,reviewed,rom,rom
2005-10-07T17:52:06.200Z,40.61,23.84,25,3.2,md,9,101.5,,,us,usp000e11t,2014-11-07T01:27:18.163Z,"10 km N of Stratónion, Greece",earthquake,,,,,reviewed,ath,ath
2005-10-07T17:43:01.630Z,13.295,-89.347,49.7,5.7,mwb,247,37,,1.13,us,usp000e11s,2022-07-14T14:33:24.486Z,"21 km S of La Libertad, El Salvador",earthquake,,,,,reviewed,us,us
2005-10-07T17:35:27.440Z,2.473,96.043,22.4,4.6,mb,28,186.5,,0.74,us,usp000e11r,2014-11-07T01:27:18.121Z,"37 km W of Sinabang, Indonesia",earthquake,,,,9,reviewed,us,us
2005-10-07T17:34:01.210Z,2.509,96.01,24.1,4.7,mb,30,182.2,,0.56,us,usp000e11q,2014-11-07T01:27:18.117Z,"41 km W of Sinabang, Indonesia",earthquake,,,,11,reviewed,us,us
2005-10-07T17:20:00.270Z,-5.376,151.567,25,4.2,mb,12,94.1,,0.75,us,usp000e11p,2014-11-07T01:27:18.115Z,"138 km SW of Kokopo, Papua New Guinea",earthquake,,,,4,reviewed,us,us
2005-10-07T17:18:27.760Z,19.7163333,-156.0965,26.796,2.54,ml,32,245,,0.11,hv,hv5452925,2020-03-31T21:29:08.920Z,"12 km W of Kalaoa, Hawaii",earthquake,1.74,2.38,0.03,5,reviewed,hv,hv
2005-10-07T17:16:53.290Z,4.493,94.882,30,4.7,mb,38,184.5,,0.94,us,usp000e11n,2014-11-07T01:27:18.111Z,"126 km SSW of Banda Aceh, Indonesia",earthquake,,,,11,reviewed,us,us
2005-10-07T17:03:52.800Z,-15.955,-174.2,200,4,mb,22,76.1,,0.74,us,usp000e11m,2014-11-07T01:27:18.108Z,"43 km W of Hihifo, Tonga",earthquake,,,,4,reviewed,us,us
2005-10-07T16:47:54.300Z,43.795,12.425,7.7,3.2,ml,70,74.5,,,us,usp000e11k,2014-11-07T01:27:18.099Z,"1 km WSW of Macerata Feltria, Italy",earthquake,,,,,reviewed,rom,rom
2005-10-07T16:42:10.570Z,46.1965,-122.1881667,-1.801,2.5,md,10,98,0.001523,0.26,uw,uw10678143,2016-07-22T21:57:47.490Z,"37 km NNE of Amboy, Washington",earthquake,0.071,0.19,0.05,3,reviewed,uw,uw
2005-10-07T16:25:11.240Z,2.352,96.232,28.6,4.8,mb,55,93.4,,0.68,us,usp000e11j,2014-11-07T01:27:18.093Z,"21 km SW of Sinabang, Indonesia",earthquake,,,,25,reviewed,us,us
2005-10-07T16:23:31.260Z,40.847,19.961,2.3,2.7,md,10,281.8,,,us,usp000e11h,2014-11-07T01:27:18.091Z,"6 km NE of Kuçovë, Albania",earthquake,,,,,reviewed,pdg,pdg
2005-10-07T15:57:27.100Z,12.989,93.211,30,4.2,mb,8,189,,0.53,us,usp000e11g,2014-11-07T01:27:18.089Z,"152 km NNE of Bamboo Flat, India",earthquake,,,,1,reviewed,us,us
2005-10-07T14:32:54.225Z,61.2212,-146.1691,19.8,3.1,ml,,,,0.47,ak,ak005cvb07u6,2019-02-13T03:32:10.033Z,"13 km NE of Valdez, Alaska",earthquake,,4.2,,,reviewed,ak,ak
2005-10-07T14:31:24.220Z,46.1995,-122.197,-1.242,2.6,md,13,101,,0.11,uw,uw10678128,2016-07-22T21:57:46.520Z,"37 km NNE of Amboy, Washington",earthquake,0.396,0.44,0.05,5,reviewed,uw,uw
2005-10-07T14:30:18.810Z,-57.312,-143.166,10,4,mb,6,163.4,,0.85,us,usp000e11e,2014-11-07T01:27:18.083Z,"Pacific-Antarctic Ridge",earthquake,,,,1,reviewed,us,us
2005-10-07T13:20:34.590Z,13.447,123.804,41.1,4.4,mb,30,130.7,,0.95,us,usp000e11c,2014-11-07T01:27:18.076Z,"10 km ENE of Baybay, Philippines",earthquake,,12.2,,9,reviewed,us,us
2005-10-07T13:09:14.010Z,26.065,147.799,10,4.4,mb,38,101.8,,0.8,us,usp000e11b,2014-11-07T01:27:18.072Z,"East of the Bonin Islands",earthquake,,,,14,reviewed,us,us
2005-10-07T13:03:53.507Z,59.6334,-150.1193,14.9,2.8,ml,,,,0.38,ak,ak005cva8keu,2019-02-13T03:32:09.550Z,"53 km ESE of Fox River, Alaska",earthquake,,19.4,,,reviewed,ak,ak
2005-10-07T12:05:42.760Z,-23.093,-68.649,102.8,3.9,md,5,139.9,,0.27,us,usp000e119,2014-11-07T01:27:18.067Z,"50 km WSW of San Pedro de Atacama, Chile",earthquake,,18.8,,,reviewed,us,guc
2005-10-07T11:55:45.730Z,40.5006667,-124.8393333,22.018,2.69,md,25,308,0.5973,0.11,nc,nc21488279,2017-01-12T20:06:44.018Z,"49 km W of Ferndale, California",earthquake,5.29,12.12,0.07,4,reviewed,nc,nc
2005-10-07T11:43:21.880Z,-3.984,144.192,84.4,4,mb,9,152.8,,1.1,us,usp000e118,2014-11-07T01:27:18.065Z,"16 km ENE of Angoram, Papua New Guinea",earthquake,,41.5,,4,reviewed,us,us
2005-10-07T11:37:55.886Z,63.1665,-150.4904,122.2,2.8,ml,,,,0.4,ak,ak005cv98zqc,2019-02-13T03:32:08.626Z,"74 km SE of Denali National Park, Alaska",earthquake,,10.3,,,reviewed,ak,ak
2005-10-07T10:52:35.400Z,-31.717,-70.519,109.5,3.7,md,17,93.4,,,us,usp000e116,2014-11-07T01:27:18.057Z,"42 km E of Salamanca, Chile",earthquake,,,,,reviewed,guc,guc
2005-10-07T10:50:35.941Z,60.8204,-151.7092,82.2,2.6,ml,,,,0.42,ak,ak005cv8qawa,2019-02-13T03:32:07.734Z,"27 km WNW of Nikiski, Alaska",earthquake,,6.6,,,reviewed,ak,ak
2005-10-07T10:41:24.300Z,46.3,2.665,20.1,3.1,ml,41,42.6,,,us,usp000e114,2014-11-07T01:27:18.045Z,"1 km NNE of Néris-les-Bains, France",earthquake,,,,,reviewed,ldg,str
2005-10-07T10:20:46.330Z,6.347,124.173,81.7,4.5,mb,24,78.2,,0.95,us,usp000e113,2014-11-07T01:27:18.021Z,"15 km N of Palimbang, Philippines",earthquake,,9,,10,reviewed,us,us
2005-10-07T10:09:00.690Z,-8.487,-80.386,23.2,4.5,mb,42,97.1,,0.77,us,usp000e112,2014-11-07T01:27:17.976Z,"139 km WSW of Santiago de Cao, Peru",earthquake,,,,21,reviewed,us,us
2005-10-07T09:58:59.670Z,-17.987,-178.138,595.4,4.4,mb,29,118.8,,0.89,us,usp000e111,2014-11-07T01:27:17.974Z,"269 km E of Levuka, Fiji",earthquake,,10.7,,7,reviewed,us,us
2005-10-07T09:28:25.470Z,46.203,-122.1948333,-1.842,2.5,md,10,99,,0.27,uw,uw10678083,2016-07-22T21:57:45.920Z,"37 km NNE of Amboy, Washington",earthquake,0.042,1.04,0.03,2,reviewed,uw,uw
2005-10-07T09:15:36.200Z,1.692,97.053,30,4.5,mb,19,113.6,,0.72,us,usp000e110,2014-11-07T01:27:17.971Z,"105 km SW of Singkil, Indonesia",earthquake,,,,7,reviewed,us,us
2005-10-07T08:35:51.600Z,39.27,24.85,27,3.4,ml,9,75.3,,,us,usp000e10z,2014-11-07T01:27:17.970Z,"47 km NNE of Skýros, Greece",earthquake,,,,,reviewed,ath,ath
2005-10-07T08:18:55.420Z,-8.257,-74.194,144.5,3.9,mb,17,109.1,,0.64,us,usp000e10y,2014-11-07T01:27:17.967Z,"40 km ENE of San Fernando, Peru",earthquake,,9.9,,7,reviewed,us,us
2005-10-07T08:17:28.324Z,63.1522,-149.2664,88.8,3.6,ml,,,,0.42,ak,ak005cv7ccgw,2019-02-13T03:32:06.742Z,"31 km SSW of Cantwell, Alaska",earthquake,,10.6,,,reviewed,ak,ak
2005-10-07T08:10:20.720Z,33.3808333,-116.3045,13.939,2.89,ml,68,20,0.1467,0.25,ci,ci14190796,2016-03-07T21:27:28.898Z,"15km NNE of Borrego Springs, CA",earthquake,0.24,0.47,0.143,199,reviewed,ci,ci
2005-10-07T08:08:11.160Z,2.646,95.526,30,4.2,mb,9,219.3,,0.4,us,usp000e10v,2014-11-07T01:27:17.958Z,"96 km W of Sinabang, Indonesia",earthquake,,,,3,reviewed,us,us
2005-10-07T08:01:03.170Z,-14.939,-177.626,434.6,4.6,mb,129,61.7,,0.87,us,usp000e10u,2014-11-07T01:27:17.946Z,"86 km SE of Alo, Wallis and Futuna",earthquake,,13,,49,reviewed,us,us
2005-10-07T07:36:21.850Z,40.365,138.928,35,4.3,mb,13,132.8,,0.51,us,usp000e10t,2014-11-07T01:27:17.944Z,"95 km W of Noshiro, Japan",earthquake,,,,1,reviewed,us,us
2005-10-07T07:05:35.600Z,-58.192,-25.622,46.4,4.3,mb,17,112.6,,0.48,us,usp000e10s,2014-11-07T01:27:17.942Z,"South Sandwich Islands region",earthquake,,19.4,,2,reviewed,us,us
2005-10-07T06:58:48.760Z,20.282,121.972,81.4,4.6,mb,14,136.8,,0.96,us,usp000e10r,2014-11-07T01:27:17.940Z,"18 km S of Basco, Philippines",earthquake,,16.2,,1,reviewed,us,us
2005-10-07T06:45:17.590Z,2.18,126.523,72.4,5.3,mwc,141,67.2,,0.89,us,usp000e10q,2025-12-19T23:23:16.063Z,"172 km WNW of Tobelo, Indonesia",earthquake,,7.3,,,reviewed,us,hrv
2005-10-07T06:29:27.099Z,62.4738,-151.0231,90,2.6,ml,,,,0.36,ak,ak005cv681r9,2019-02-13T03:32:05.824Z,"13 km W of Petersville, Alaska",earthquake,,9.1,,,reviewed,ak,ak
2005-10-07T06:14:57.780Z,5.376,94.052,30,4.2,mb,10,194.9,,0.51,us,usp000e10n,2014-11-07T01:27:17.921Z,"143 km W of Banda Aceh, Indonesia",earthquake,,,,3,reviewed,us,us
2005-10-07T06:07:06.700Z,-40.2,173.56,181,4,m,9,197.3,,,us,usp000e10m,2014-11-07T01:27:17.919Z,"86 km SSW of Opunake, New Zealand",earthquake,,,,,reviewed,wel,wel
2005-10-07T05:42:47.690Z,6.315,123.952,52.7,5.3,mwc,62,58.8,,0.96,us,usp000e10k,2022-05-02T18:01:57.586Z,"17 km SW of Sangay, Philippines",earthquake,,8.7,,,reviewed,us,hrv
2005-10-07T05:37:12.900Z,6.297,124.091,67.1,4.2,mb,13,149.1,,0.67,us,usp000e10j,2014-11-07T01:27:17.910Z,"14 km NW of Palimbang, Philippines",earthquake,,26.5,,4,reviewed,us,us
2005-10-07T05:32:36.112Z,61.793,-148.8503,9.5,3.1,ml,,,,0.51,ak,ak005cv5n9zv,2019-02-13T03:32:04.987Z,"4 km WNW of Sutton-Alpine, Alaska",earthquake,,3.8,,,reviewed,ak,ak
2005-10-07T05:09:08.270Z,-8.239,112.56,108.6,4.3,mb,27,125.4,,0.68,us,usp000e10g,2014-11-07T01:27:17.903Z,"10 km SW of Gongdanglegi Kulon, Indonesia",earthquake,,18.7,,10,reviewed,us,us
2005-10-07T04:42:08.260Z,51.788,-174.142,42.8,3.3,ml,8,275,,,us,usp000e10f,2019-02-13T03:32:04.692Z,"45 km S of Atka, Alaska",earthquake,,,,,reviewed,aeic,aeic
2005-10-07T04:37:24.050Z,37.554,72.258,203.9,4,mb,19,189.9,,0.92,us,usp000e10e,2014-11-07T01:27:17.899Z,"62 km E of Khorugh, Tajikistan",earthquake,,20,,5,reviewed,us,us
2005-10-07T04:22:15.410Z,62.6448,-152.4861,11.4,2.8,ml,,,,0.39,ak,ak005cv4znmt,2019-02-13T03:32:03.802Z,"89 km W of Petersville, Alaska",earthquake,,11.6,,,reviewed,ak,ak
2005-10-07T03:37:24.370Z,19.1303333,-156.1273333,36.983,3.1,ml,38,270,,0.1,hv,hv5452852,2020-03-31T21:29:08.580Z,"38 km W of Hawaiian Ocean View, Hawaii",earthquake,2.2,1.8,0.08,10,reviewed,hv,hv
2005-10-07T03:27:20.150Z,-34.493,-112.95,10,4.3,mb,7,201.9,,1.27,us,usp000e10b,2014-11-07T01:27:17.893Z,"southern East Pacific Rise",earthquake,,,,2,reviewed,us,us
2005-10-07T03:25:33.490Z,17.883,-62.638,57,3.2,md,8,177.6,,,us,usp000e10a,2014-11-07T01:27:17.892Z,"55 km NNE of Dieppe Bay Town, Saint Kitts and Nevis",earthquake,,,,,reviewed,trn,trn
2005-10-07T03:05:34.100Z,50.784,-178.341,12.1,2.8,ml,5,334.8,,,us,usp000e109,2019-02-13T03:32:02.588Z,"169 km SW of Adak, Alaska",earthquake,,,,,reviewed,aeic,aeic
2005-10-07T02:42:40.020Z,-25.172,-177.659,207.6,4,mb,17,148.7,,0.71,us,usp000e108,2014-11-07T01:27:17.888Z,"south of the Fiji Islands",earthquake,,9.6,,6,reviewed,us,us
2005-10-07T02:24:21.540Z,52.284,-168.046,30.4,2.9,ml,5,294.7,,,us,usp000e107,2019-02-13T03:32:13.260Z,"91 km SE of Nikolski, Alaska",earthquake,,,,,reviewed,aeic,aeic
2005-10-07T02:13:25.680Z,-4.664,145.174,41.2,4.5,mb,19,108.5,,0.96,us,usp000e106,2014-11-07T01:27:17.884Z,"91 km NW of Madang, Papua New Guinea",earthquake,,,,7,reviewed,us,us
2005-10-07T01:47:15.290Z,2.244,97.009,30,4.1,mb,7,218.5,,0.68,us,usp000e105,2014-11-07T01:27:17.883Z,"74 km ESE of Sinabang, Indonesia",earthquake,,,,2,reviewed,us,us
2005-10-07T01:37:23.750Z,51.089,-176.096,9.7,3.2,ml,9,267.8,,,us,usp000e104,2019-02-13T03:32:12.546Z,"94 km SSE of Adak, Alaska",earthquake,,,,,reviewed,aeic,aeic
2005-10-07T00:26:13.800Z,40.487,-1.171,6.8,2.9,ml,44,43.9,,,us,usp000e103,2014-11-07T01:27:17.874Z,"8 km ESE of Villarquemado, Spain",earthquake,,,,,reviewed,mdd,ldg
2005-10-07T00:20:39.340Z,40.493,-1.184,5.2,3.2,ml,62,43.4,,,us,usp000e102,2014-11-07T01:27:17.864Z,"7 km ESE of Villarquemado, Spain",earthquake,,,,,reviewed,mdd,ldg
2005-10-07T00:09:26.020Z,-6.932,105.552,23.6,4.6,mb,38,56,,0.93,us,usp000e101,2014-11-07T01:27:17.858Z,"68 km SSW of Labuan, Indonesia",earthquake,,,,16,reviewed,us,us
2005-10-06T23:45:25.430Z,-22.936,179.112,513.4,4.1,mb,18,118.8,,1.07,us,usp000e100,2014-11-07T01:27:17.854Z,"south of the Fiji Islands",earthquake,,15.3,,4,reviewed,us,us
2005-10-06T23:39:39.930Z,-8.639,-74.298,146.7,4.3,mb,15,108,,0.97,us,usp000e0zz,2014-11-07T01:27:17.851Z,"37 km SE of San Fernando, Peru",earthquake,,13.2,,7,reviewed,us,us
2005-10-06T23:17:54.916Z,62.8346,-157.2229,20.3,3.2,ml,,,,0.73,ak,ak005ctsqk3n,2019-02-13T03:31:55.952Z,"61 km WSW of Takotna, Alaska",earthquake,,9.6,,,reviewed,ak,ak
2005-10-06T23:04:55.940Z,21.678,62.099,10,4.9,mwc,193,45.1,,1.08,us,usp000e0zw,2016-11-10T01:12:36.164Z,"282 km ESE of Sur, Oman",earthquake,,,,,reviewed,us,hrv
2005-10-06T23:00:07.000Z,35.5,27.83,31,3.6,md,6,232.5,,,us,usp000e0zv,2014-11-07T01:27:17.824Z,"55 km E of Karpathos, Greece",earthquake,,,,,reviewed,ath,ath
2005-10-06T22:17:30.000Z,44.49,6.97,4,2.5,ml,38,50.2,,,us,usp000e0zu,2014-11-07T01:27:17.819Z,"2 km NW of Acceglio, Italy",earthquake,,,,,reviewed,str,gen
2005-10-06T21:53:14.710Z,46.698,-122.7523333,0.321,2.5,md,4,115,0.04425,0,uw,uw10677923,2016-07-22T21:57:44.560Z,"13 km N of Onalaska, Washington",explosion,,,0.01,4,reviewed,uw,uw
2005-10-06T21:47:19.768Z,59.9935,-153.5131,156.4,2.6,ml,,,,0.59,ak,ak005ctrq1ns,2019-02-13T03:31:55.107Z,"40 km NE of Pedro Bay, Alaska",earthquake,,1,,,reviewed,ak,ak
2005-10-06T20:51:39.420Z,50.28,19.03,5,2.6,m,8,183.3,,0.82,us,usp000e0zs,2014-11-07T01:27:17.809Z,"2 km N of Katowice, Poland",earthquake,,,,,reviewed,us,war
2005-10-06T19:18:43.020Z,-53.714,140.567,10,4.7,mb,27,114.6,,0.86,us,usp000e0zr,2014-11-07T01:27:17.805Z,"west of Macquarie Island",earthquake,,,,10,reviewed,us,us
2005-10-06T19:18:11.850Z,-5.602,152.047,56.6,4.3,mb,14,180.4,,1.16,us,usp000e0zq,2014-11-07T01:27:17.789Z,"141 km S of Kokopo, Papua New Guinea",earthquake,,28.7,,6,reviewed,us,us
2005-10-06T19:12:35.870Z,13.656,145.225,54,4.7,mb,28,50.4,,1.02,us,usp000e0zp,2014-11-07T01:27:17.786Z,"38 km ENE of Yigo Village, Guam",earthquake,,10.1,,9,reviewed,us,us
2005-10-06T18:51:33.540Z,19.749,-64.425,15,3.9,md,6,337.1,,,us,usp000e0zn,2014-11-07T01:27:17.784Z,"161 km NNE of Cruz Bay, U.S. Virgin Islands",earthquake,,,,,reviewed,rspr,rspr
2005-10-06T18:40:14.850Z,53.521,-167.019,0.5,2.6,ml,16,313.1,,,us,usp000e0zm,2019-02-13T03:31:54.321Z,"50 km SW of Unalaska, Alaska",earthquake,,,,,reviewed,aeic,aeic
2005-10-06T18:40:05.300Z,37.49,23.57,41,3.1,md,8,143.5,,,us,usp000e0zk,2014-11-07T01:27:17.781Z,"10 km E of Póros, Greece",earthquake,,,,,reviewed,ath,ath
2005-10-06T18:04:26.900Z,39.23,20.21,19,3.3,md,4,162.6,,,us,usp000e0zj,2014-11-07T01:27:17.779Z,"4 km NNE of Gáïos, Greece",earthquake,,,,,reviewed,ath,ath
2005-10-06T17:57:27.310Z,42.842,42.123,11.2,4.5,mb,104,44.1,,1.05,us,usp000e0zh,2014-11-07T01:27:17.769Z,"15 km NNE of Jvari, Georgia",earthquake,,,,58,reviewed,us,us
2005-10-06T17:45:55.570Z,50.105,178.91,25,3.6,ml,8,350.8,,,us,usp000e0zg,2019-02-13T03:31:53.947Z,"Rat Islands, Aleutian Islands, Alaska",earthquake,,,,,reviewed,aeic,aeic
2005-10-06T17:44:14.900Z,-33.895,-72.63,34,3.7,ml,17,212.5,,,us,usp000e0zf,2014-11-07T01:27:17.765Z,"100 km WSW of San Antonio, Chile",earthquake,,,,,reviewed,guc,guc
2005-10-06T17:23:57.000Z,59.778,4.333,0,2.6,md,16,229,,,us,usp000e0ze,2014-11-07T01:27:17.762Z,"52 km W of Rubbestadneset, Norway",earthquake,,,,,reviewed,ber,ber
2005-10-06T17:10:32.980Z,-34.226,-14.494,10,4.7,mb,22,76.5,,1.45,us,usp000e0zd,2014-11-07T01:27:17.760Z,"Tristan da Cunha region",earthquake,,,,12,reviewed,us,us
2005-10-06T16:57:44.900Z,-31.174,-69.355,164,3.4,md,10,174.4,,,us,usp000e0zc,2014-11-07T01:27:17.758Z,"18 km NNE of Calingasta, Argentina",earthquake,,,,,reviewed,guc,guc
2005-10-06T16:54:54.600Z,-32.121,-71.716,13.7,3,ml,10,207.3,,,us,usp000e0zb,2014-11-07T01:27:17.756Z,"58 km NW of La Ligua, Chile",earthquake,,,,,reviewed,guc,guc
2005-10-06T16:50:51.000Z,-43.26,170.77,5,3.9,ml,22,103.8,,,us,usp000e0za,2014-11-07T01:27:17.754Z,"62 km SSW of Hokitika, New Zealand",earthquake,,,,,reviewed,wel,wel
2005-10-06T16:18:13.570Z,19.242,-117.818,10,4.4,mb,34,206.1,,1.07,us,usp000e0z9,2014-11-07T01:27:17.750Z,"east central Pacific Ocean",earthquake,,0,,19,reviewed,us,us
2005-10-06T16:17:17.670Z,42.864,41.876,10,3.8,mb,17,105.3,,1.16,us,usp000e0z8,2014-11-07T01:27:17.748Z,"16 km E of Tqvarch'eli, Georgia",earthquake,,,,6,reviewed,us,us
2005-10-06T15:48:13.620Z,10.317,-85.587,25.2,4.3,mb,13,127.4,,1.21,us,usp000e0z7,2014-11-07T01:27:17.746Z,"6 km N of Santa Cruz, Costa Rica",earthquake,,11.2,,4,reviewed,us,us
2005-10-06T15:47:52.050Z,15.918,-60.704,19,3.5,md,14,219.7,,,us,usp000e0z6,2014-11-07T01:27:17.743Z,"58 km SE of Beauséjour, Guadeloupe",earthquake,,,,,reviewed,fdf,trn
2005-10-06T15:47:25.800Z,36.625,71.059,212.9,4.3,mb,36,100.1,,1.15,us,usp000e0z5,2014-11-07T01:27:17.740Z,"33 km SE of Jurm, Afghanistan",earthquake,,15.2,,15,reviewed,us,us
2005-10-06T14:43:26.800Z,-28.383,-69.992,104.3,3,md,4,217.1,,,us,usp000e0z4,2014-11-07T01:27:17.738Z,"78 km ENE of Vallenar, Chile",earthquake,,,,,reviewed,guc,guc
2005-10-06T14:31:38.200Z,40.3,19.59,4,3.6,md,6,256.2,,,us,usp000e0z3,2014-11-07T01:27:17.737Z,"10 km ESE of Orikum, Albania",earthquake,,,,,reviewed,ath,ath
2005-10-06T14:25:47.290Z,36.692,-9.659,0,2.7,mblg,8,287.4,,,us,usp000e0z2,2014-11-07T01:27:17.735Z,"72 km WSW of Sagres, Portugal",earthquake,,,,,reviewed,mdd,mdd
2005-10-06T14:16:53.730Z,54.028,-163.682,46.8,4.3,mb,51,158.3,,0.69,us,usp000e0z1,2019-02-13T03:31:52.631Z,"93 km S of False Pass, Alaska",earthquake,,4.5,,2,reviewed,us,us
2005-10-06T14:05:19.760Z,46.196,-122.195,-1.911,2.9,md,15,72,,0.15,uw,uw10677808,2016-07-22T21:57:42.880Z,"37 km NNE of Amboy, Washington",earthquake,0.028,0.05,0.05,7,reviewed,uw,uw
2005-10-06T13:44:23.990Z,1.32,123.142,10,4.6,mb,26,94.5,,1.14,us,usp000e0yy,2014-11-07T01:27:17.725Z,"86 km N of Gorontalo, Indonesia",earthquake,,,,12,reviewed,us,us
2005-10-06T12:23:05.300Z,37.81,26.7,31,3.5,md,7,157,,,us,usp000e0yx,2014-11-07T01:27:17.723Z,"2 km NNW of Néon Karlovásion, Greece",earthquake,,,,,reviewed,ath,ath
2005-10-06T12:07:45.640Z,1.641,124.112,10,4.2,mb,10,161.8,,0.76,us,usp000e0yw,2014-11-07T01:27:17.721Z,"83 km WNW of Manado, Indonesia",earthquake,,,,4,reviewed,us,us
2005-10-06T11:15:55.800Z,7.597,94.048,30,4.6,mb,18,178.1,,1.1,us,usp000e0yv,2014-11-07T01:27:17.719Z,"235 km NW of Sabang, Indonesia",earthquake,,,,5,reviewed,us,us
2005-10-06T11:05:13.380Z,19.31,-64.677,107.9,3.6,md,4,333.7,,,us,usp000e0yu,2014-11-07T01:27:17.718Z,"109 km N of Cruz Bay, U.S. Virgin Islands",earthquake,,,,,reviewed,rspr,rspr
2005-10-06T10:17:27.820Z,39.711,53.036,10,3.6,mb,10,203.5,,0.6,us,usp000e0yt,2014-11-07T01:27:17.716Z,"35 km SSE of Türkmenba?y, Turkmenistan",earthquake,,,,3,reviewed,us,us
2005-10-06T09:52:14.800Z,37.69,27.79,30,3.4,md,5,206.6,,,us,usp000e0ys,2014-11-07T01:27:17.715Z,"10 km SE of Koçarl?, Turkey",earthquake,,,,,reviewed,ath,ath
2005-10-06T09:50:05.550Z,-11.933,166.079,37.7,4.3,mb,9,214.3,,0.87,us,usp000e0yr,2014-11-07T01:27:17.713Z,"137 km SSE of Lata, Solomon Islands",earthquake,,16.3,,2,reviewed,us,us
2005-10-06T09:48:10.990Z,40.383,53.104,23.1,4.7,mwc,207,76.3,,0.88,us,usp000e0yq,2016-11-10T01:12:35.668Z,"42 km NNE of Türkmenba?y, Turkmenistan",earthquake,,,,,reviewed,us,hrv
2005-10-06T09:42:31.500Z,35.796,-4.515,83.7,3,m,15,224.1,,,us,usp000e0yp,2014-11-07T01:27:17.693Z,"71 km ENE of Cap Negro II, Morocco",earthquake,,,,,reviewed,mdd,mdd
2005-10-06T09:12:56.997Z,58.6739,-155.1556,132,2.7,ml,,,,0.63,ak,ak005ctkdf7n,2019-02-13T03:31:50.235Z,"84 km SSE of Igiugig, Alaska",earthquake,,2.6,,,reviewed,ak,ak
2005-10-06T09:12:13.890Z,32.35,70.216,24.5,4.4,mb,21,177.1,,0.83,us,usp000e0ym,2014-11-07T01:27:17.685Z,"21 km NW of Tank, Pakistan",earthquake,,27.9,,7,reviewed,us,us
2005-10-06T09:03:09.870Z,-17.23,-178.811,559.8,4.2,mb,14,175.3,,1.03,us,usp000e0yk,2014-11-07T01:27:17.683Z,"213 km ESE of Labasa, Fiji",earthquake,,15.8,,4,reviewed,us,us
2005-10-06T08:19:44.000Z,19.043,-67.486,7,3,md,6,316.1,,,us,usp000e0yj,2014-11-07T01:27:17.682Z,"73 km NW of San Antonio, Puerto Rico",earthquake,,,,,reviewed,rspr,rspr
2005-10-06T08:00:39.460Z,46.1968333,-122.1898333,-1.711,2.7,md,12,99,0.002699,0.08,uw,uw10677703,2016-07-22T21:57:41.490Z,"37 km NNE of Amboy, Washington",earthquake,0.242,0.31,0.03,5,reviewed,uw,uw
2005-10-06T07:25:41.270Z,50.364,18.887,5,2.7,m,6,176.4,,1.43,us,usp000e0yg,2014-11-07T01:27:17.678Z,"3 km WSW of Piekary ?l?skie, Poland",earthquake,,,,,reviewed,us,war
2005-10-06T07:23:08.910Z,48.216,13.014,10,3.8,ml,113,54.8,,0.72,us,usp000e0yf,2014-11-07T01:27:17.665Z,"1 km S of Ranshofen, Austria",earthquake,,,,,reviewed,us,ldg
2005-10-06T06:50:38.600Z,34.19,25.87,37,4.6,mb,27,229,,,us,usp000e0ye,2014-11-07T01:27:17.661Z,"91 km S of Ierápetra, Greece",earthquake,,,,5,reviewed,ath,us
2005-10-06T05:31:35.340Z,-3.38,136.908,35,4.4,mb,16,75,,1.07,us,usp000e0yd,2014-11-07T01:27:17.658Z,"156 km E of Nabire, Indonesia",earthquake,,,,7,reviewed,us,us
2005-10-06T05:06:01.260Z,30.443,140.264,20,4.5,mwr,37,96.9,,1.21,us,usp000e0yc,2014-11-07T01:27:17.651Z,"Izu Islands, Japan region",earthquake,,0,,,reviewed,us,nied
2005-10-06T04:38:01.550Z,38.7866667,-122.7465,2.243,2.89,md,68,26,0.01712,0.08,nc,nc21488023,2017-01-12T19:53:00.350Z,"4 km SSW of Cobb, California",earthquake,0.12,0.22,0.1,63,reviewed,nc,nc
2005-10-06T04:04:03.570Z,31.607,141.141,58.6,4,mwr,21,121.1,,1.15,us,usp000e0yb,2014-11-07T01:27:17.647Z,"Izu Islands, Japan region",earthquake,,14.9,,,reviewed,us,nied
2005-10-06T03:02:13.040Z,19.3256667,-155.1465,7.643,2.85,ml,35,97,,0.1,hv,hv6000300,2020-03-31T21:29:06.950Z,"15 km S of Fern Forest, Hawaii",earthquake,0.38,0.51,0.17,10,reviewed,hv,hv
2005-10-06T02:53:00.550Z,7.632,93.745,13.8,4.8,mwc,117,67.2,,0.86,us,usp000e0ya,2016-11-10T01:12:35.176Z,"259 km NW of Sabang, Indonesia",earthquake,,,,,reviewed,us,hrv
2005-10-06T02:41:40.090Z,-20.521,-174.269,10,4.8,mb,35,119.2,,0.73,us,usp000e0y9,2014-11-07T01:27:17.627Z,"78 km S of Pangai, Tonga",earthquake,,,,13,reviewed,us,us
2005-10-06T02:37:04.980Z,30.505,140.205,52.1,4.1,mwr,12,135.3,,1.4,us,usp000e0y8,2014-11-07T01:27:17.625Z,"Izu Islands, Japan region",earthquake,,19.9,,,reviewed,us,nied
2005-10-06T01:51:34.030Z,24.344,122.945,52.4,4.8,mb,11,103.2,,0.41,us,usp000e0y7,2014-11-07T01:27:17.622Z,"14 km SSW of Yonakuni, Japan",earthquake,,8.5,,2,reviewed,us,us
2005-10-06T01:51:13.770Z,39.47,-9.473,21,3.1,mblg,44,225.5,,,us,usp000e0y6,2014-11-07T01:27:17.615Z,"14 km NNW of Peniche, Portugal",earthquake,,,,,reviewed,mdd,mdd
2005-10-06T01:01:45.170Z,40.4923,-117.6042,8,3.9,ml,5,166.06,0.298,0.1095,nn,nn00164691,2018-04-24T20:55:10.941Z,"49 km ESE of Imlay, Nevada",earthquake,,5.3,,,reviewed,nn,nn
2005-10-06T00:55:42.620Z,36.438,70.358,182.8,4.3,mb,31,103,,0.72,us,usp000e0y3,2014-11-07T01:27:17.605Z,"47 km ESE of Farkh?r, Afghanistan",earthquake,,12.1,,15,reviewed,us,us
2005-10-06T00:50:22.060Z,-5.703,133.549,35,4.9,mb,12,169.2,,1.03,us,usp000e0y2,2014-11-07T01:27:17.603Z,"88 km E of Tual, Indonesia",earthquake,,26.9,,2,reviewed,us,us
2005-10-06T00:42:32.300Z,35.34,26.96,29,3.5,md,9,199.3,,,us,usp000e0y1,2014-11-07T01:27:17.601Z,"9 km SSE of Fry, Greece",earthquake,,,,,reviewed,ath,ath
2005-10-06T00:30:02.098Z,63.1311,-147.3872,64.9,2.8,ml,,,,0.7,ak,ak005ctf49f5,2019-02-13T03:31:47.426Z,"83 km ESE of Cantwell, Alaska",earthquake,,1,,,reviewed,ak,ak
2005-10-06T00:11:02.537Z,61.2546,-151.5323,78.8,2.8,ml,,,,0.59,ak,ak005ctf06ul,2019-02-13T03:31:57.067Z,"27 km WNW of Beluga, Alaska",earthquake,,0.6,,,reviewed,ak,ak
2005-10-05T23:10:10.550Z,-50.222,161.671,10,5.3,mwc,38,63.1,,1.03,us,usp000e0xy,2025-12-19T23:25:26.052Z,"north of Macquarie Island",earthquake,,,,,reviewed,us,hrv
2005-10-05T23:04:29.170Z,-7.338,128.732,102,4.4,mb,23,162.2,,0.79,us,usp000e0xx,2014-11-07T01:27:17.580Z,"231 km NE of Lospalos, Timor Leste",earthquake,,15.2,,6,reviewed,us,us
2005-10-05T22:34:19.900Z,11.023,-61.827,12,2.9,md,4,236.4,,,us,usp000e0xw,2014-11-07T01:27:17.578Z,"47 km NW of Petit Valley, Trinidad and Tobago",earthquake,,,,,reviewed,trn,trn
2005-10-05T21:47:18.450Z,24.625,98.401,20,3.9,mb,18,142.4,,1.37,us,usp000e0xv,2014-11-07T01:27:17.574Z,"125 km ENE of Bhamo, Myanmar",earthquake,,0,,3,reviewed,us,us
2005-10-05T20:44:28.180Z,-20.603,-174.264,20.4,5.2,mwc,114,45.5,,0.83,us,usp000e0xu,2022-05-02T18:01:52.026Z,"87 km S of Pangai, Tonga",earthquake,,19.8,,,reviewed,us,hrv
2005-10-05T20:37:13.120Z,46.1983333,-122.1866667,-1.879,2.5,md,13,87,,0.13,uw,uw10677548,2016-07-22T21:57:39.050Z,"37 km NNE of Amboy, Washington",earthquake,,0.02,0.03,5,reviewed,uw,uw
2005-10-05T20:20:14.760Z,24.766,122.033,9.3,4.5,mb,11,95.2,,0.86,us,usp000e0xt,2014-11-07T01:27:17.555Z,"28 km E of Yilan, Taiwan",earthquake,,10,,2,reviewed,us,us
2005-10-05T19:36:12.000Z,-30.166,117.171,0,3.3,ml,6,135.6,,,us,usp000e0xs,2014-11-07T01:27:17.553Z,"123 km ENE of Moora, Australia",earthquake,,,,,reviewed,aust,aust
2005-10-05T19:29:46.900Z,-32.537,-71.611,11.4,3.1,ml,15,198.6,,,us,usp000e0xq,2014-11-07T01:27:17.547Z,"36 km WSW of La Ligua, Chile",earthquake,,,,,reviewed,guc,guc
2005-10-05T18:31:24.750Z,51.267,-178.075,22.1,3.3,ml,11,334,,,us,usp000e0xp,2019-02-13T03:31:40.034Z,"120 km SW of Adak, Alaska",earthquake,,,,,reviewed,aeic,aeic
2005-10-05T18:29:31.261Z,51.7403,-172.4172,10,2.8,ml,,,,0.65,ak,ak005cs2akcm,2019-02-13T03:31:47.056Z,"132 km ESE of Atka, Alaska",earthquake,,0,,,reviewed,ak,ak
2005-10-05T18:03:39.570Z,5.01,94.581,30,4.7,mb,29,179.1,,1.03,us,usp000e0xn,2014-11-07T01:27:17.540Z,"102 km SW of Banda Aceh, Indonesia",earthquake,,,,6,reviewed,us,us
2005-10-05T17:51:43.564Z,58.9942,-153.8703,98.9,2.6,ml,,,,0.52,ak,ak005cs1tvg4,2019-02-13T03:31:39.668Z,"71 km SE of Kokhanok, Alaska",earthquake,,2.7,,,reviewed,ak,ak
2005-10-05T17:05:20.130Z,40.7083333,-124.9961667,23.983,3,md,12,327,0.5541,0.2,nc,nc21487887,2017-01-12T19:44:40.416Z,"63 km WNW of Ferndale, California",earthquake,15.94,16.48,0.01,3,reviewed,nc,nc
2005-10-05T16:49:15.700Z,38.11,20.76,5,3.4,md,5,161.9,,,us,usp000e0xk,2014-11-07T01:27:17.533Z,"4 km SSW of Póros, Greece",earthquake,,,,,reviewed,ath,ath
2005-10-05T16:16:34.080Z,24.71,121.569,84.6,4.2,mb,26,90.9,,0.89,us,usp000e0xj,2014-11-07T01:27:17.528Z,"19 km WSW of Yilan, Taiwan",earthquake,,4.5,,3,reviewed,us,us
2005-10-05T16:03:12.690Z,0.705,-30.211,10,4.1,mb,10,144.9,,0.91,us,usp000e0xh,2014-11-07T01:27:17.525Z,"central Mid-Atlantic Ridge",earthquake,,0,,1,reviewed,us,us
2005-10-05T15:39:21.570Z,12.154,142.603,86.1,4.1,mb,12,124.3,,0.79,us,usp000e0xg,2014-11-07T01:27:17.524Z,"255 km WSW of Merizo Village, Guam",earthquake,,22.9,,3,reviewed,us,us
2005-10-05T15:06:27.840Z,7.345,93.471,30,4.5,mb,11,207.6,,0.68,us,usp000e0xf,2014-11-07T01:27:17.522Z,"259 km NW of Sabang, Indonesia",earthquake,,,,1,reviewed,us,us
2005-10-05T13:53:57.350Z,-24.217,-66.914,196.7,3.8,mb,12,96.3,,1.09,us,usp000e0xe,2014-11-07T01:27:17.519Z,"60 km W of San Antonio de los Cobres, Argentina",earthquake,,23.7,,2,reviewed,us,us
2005-10-05T13:47:24.730Z,-7.216,128.698,99.9,4.4,mb,23,154.3,,0.87,us,usp000e0xd,2014-11-07T01:27:17.516Z,"236 km NE of Lospalos, Timor Leste",earthquake,,21.3,,3,reviewed,us,us
2005-10-05T13:39:28.900Z,27.62,56.62,14.4,3.8,mb,19,152.2,,,us,usp000e0xc,2014-11-07T01:27:17.513Z,"58 km NE of Bandar Abbas, Iran",earthquake,,,,2,reviewed,thr,us
2005-10-05T12:19:09.280Z,7.897,92.063,46.7,5.3,mwc,297,43,,0.8,us,usp000e0xb,2025-12-19T23:23:15.277Z,"Nicobar Islands, India region",earthquake,,,,,reviewed,us,hrv
2005-10-05T12:11:46.690Z,-14.73,167.173,75.4,4.7,mb,22,143.3,,1.21,us,usp000e0xa,2014-11-07T01:27:17.475Z,"36 km NNE of Port-Olry, Vanuatu",earthquake,,,,10,reviewed,us,us
2005-10-05T11:33:01.700Z,16.775,-94.541,105.8,4.5,mb,105,77.2,,,us,usp000e0x9,2014-11-07T01:27:17.464Z,"21 km SE of Santa María Chimalapa, Mexico",earthquake,,,,37,reviewed,unm,us
2005-10-05T10:59:08.260Z,-27.228,-65.417,62.3,4.9,mb,19,115.3,,1.28,us,usp000e0x8,2014-11-07T01:27:17.460Z,"7 km WNW of Simoca, Argentina",earthquake,,11.4,,2,reviewed,us,us
2005-10-05T10:50:39.350Z,36.0553333,-120.0526667,8.887,2.73,md,76,141,0.04685,0.12,nc,nc21487837,2017-01-12T18:58:20.070Z,"Central California",earthquake,0.25,0.18,0.08,81,reviewed,nc,nc
2005-10-05T10:31:53.500Z,15.928,-98.22,14.7,4.1,md,9,205.7,,,us,usp000e0x6,2014-11-07T01:27:17.455Z,"34 km S of Corralero, Mexico",earthquake,,,,,reviewed,unm,unm
2005-10-05T10:20:53.900Z,38.31,21.82,11,3.5,ml,19,52.3,,,us,usp000e0x5,2014-11-07T01:27:17.451Z,"2 km ENE of Aktaío, Greece",earthquake,,,,,reviewed,ath,ath
2005-10-05T10:07:22.370Z,-20.535,-174.277,15,5.9,mwb,438,29,,0.88,us,usp000e0x4,2022-05-02T18:01:50.268Z,"80 km S of Pangai, Tonga",earthquake,,0,,,reviewed,us,us
2005-10-05T09:37:36.721Z,59.0493,-152.9207,67.3,2.6,ml,,,,0.6,ak,ak005crwze20,2019-02-13T03:31:39.209Z,"66 km WSW of Nanwalek, Alaska",earthquake,,0.9,,,reviewed,ak,ak
2005-10-05T09:19:22.300Z,40.34,21.19,23,3.4,md,6,126.4,,,us,usp000e0x2,2014-11-07T01:27:17.343Z,"13 km SE of Nestório, Greece",earthquake,,,,,reviewed,ath,ath
2005-10-05T09:02:00.200Z,34.58,24.13,4,3.5,md,6,255.9,,,us,usp000e0x1,2014-11-07T01:27:17.341Z,"28 km S of Kastrí, Greece",earthquake,,,,,reviewed,ath,ath
2005-10-05T08:46:42.330Z,5.233,95.577,18.3,5.7,mwc,288,35.8,,0.95,us,usp000e0x0,2022-07-14T14:35:08.661Z,"43 km SE of Banda Aceh, Indonesia",earthquake,,,,,reviewed,us,hrv
2005-10-05T08:35:12.930Z,36.324,71.12,222.6,4,mb,17,197.8,,0.85,us,usp000e0wz,2014-11-07T01:27:17.272Z,"54 km SW of Ashk?sham, Afghanistan",earthquake,,18,,4,reviewed,us,us
2005-10-05T05:14:49.700Z,13.549,93.06,38,4.6,mb,44,88.8,,0.9,us,usp000e0ww,2014-11-07T01:27:17.257Z,"207 km N of Bamboo Flat, India",earthquake,,13.7,,10,reviewed,us,us
2005-10-05T04:27:36.240Z,-5.579,151.833,83.1,4.8,mb,36,71.9,,1.14,us,usp000e0wv,2014-11-07T01:27:17.249Z,"144 km SSW of Kokopo, Papua New Guinea",earthquake,,17.9,,15,reviewed,us,us
2005-10-05T03:54:17.820Z,51.531,16.104,5,2.8,ml,19,149.7,,0.57,us,usp000e0wu,2014-11-07T01:27:17.244Z,"3 km NE of Polkowice, Poland",earthquake,,,,,reviewed,us,grf
2005-10-05T03:14:11.470Z,36.0985,-120.2115,8.832,2.84,md,52,80,0.09099,0.07,nc,nc21487799,2017-01-12T18:54:58.980Z,"12 km NW of Avenal, California",earthquake,0.16,0.31,0.1,97,reviewed,nc,nc
2005-10-05T01:27:15.750Z,23.023,121.243,10,4,mb,11,154.6,,1.31,us,usp000e0ws,2014-11-07T01:27:17.239Z,"80 km E of Yujing, Taiwan",earthquake,,,,4,reviewed,us,us
2005-10-05T01:24:23.150Z,-16.874,-70.588,30.9,4.1,mb,9,145,,1.35,us,usp000e0wr,2014-11-07T01:27:17.237Z,"13 km ESE of Carumas, Peru",earthquake,,53.4,,1,reviewed,us,us
2005-10-05T00:27:26.030Z,2.217,96.415,32.8,4.5,mb,31,180,,1.11,us,usp000e0wq,2014-11-07T01:27:17.232Z,"29 km S of Sinabang, Indonesia",earthquake,,,,10,reviewed,us,us
2005-10-05T00:25:29.310Z,-20.179,169.744,121.4,4.7,mb,23,115.7,,1.03,us,usp000e0wp,2014-11-07T01:27:17.228Z,"85 km SE of Isangel, Vanuatu",earthquake,,17,,7,reviewed,us,us
2005-10-04T23:24:43.210Z,54.282,-166.344,122.1,2.5,m,8,213,,,us,usp000e0wn,2019-02-13T03:31:37.842Z,"40 km WNW of Akutan, Alaska",earthquake,,,,,reviewed,aeic,aeic
2005-10-04T23:02:10.840Z,-9.324,-71.382,604.6,4.7,mb,16,97.8,,0.58,us,usp000e0wm,2014-11-07T01:27:17.221Z,"145 km SSW of Tarauacá, Brazil",earthquake,,8.2,,3,reviewed,us,us
2005-10-04T22:33:12.940Z,32.6325,-118.0781667,5.76,2.55,ml,11,249,0.7299,0.24,ci,ci14190284,2016-03-07T20:00:11.054Z,"32km SE of San Clemente Is. (SE tip), CA",earthquake,1.5,31.61,0.146,54,reviewed,ci,ci
2005-10-04T22:28:25.500Z,36.74,21.79,5,3.2,md,5,188.8,,,us,usp000e0wk,2014-11-07T01:27:17.219Z,"11 km SE of Methóni, Greece",earthquake,,,,,reviewed,ath,ath
2005-10-04T22:18:07.780Z,46.1968333,-122.1895,-1.211,2.9,md,27,43,,0.11,uw,uw10677278,2016-07-22T21:57:37.420Z,"37 km NNE of Amboy, Washington",earthquake,0.248,0.16,0.02,0,reviewed,uw,uw
2005-10-04T22:15:40.250Z,36.713,71.042,215,3.6,mb,15,196.4,,0.99,us,usp000e0wh,2014-11-07T01:27:17.210Z,"25 km SE of Jurm, Afghanistan",earthquake,,22.3,,1,reviewed,us,us
2005-10-04T21:48:44.850Z,19.112,-69.79,80.2,3.8,md,8,272.6,,,us,usp000e0wg,2014-11-07T01:27:17.207Z,"4 km SSE of Agua Santa del Yuna, Dominican Republic",earthquake,,,,,reviewed,rspr,rspr
2005-10-04T21:33:56.050Z,19.445,-69.148,72.8,3.6,md,6,257.7,,,us,usp000e0wf,2014-11-07T01:27:17.204Z,"33 km NE of Samaná, Dominican Republic",earthquake,,,,,reviewed,rspr,rspr
2005-10-04T21:20:18.100Z,-3.08,128.844,16.6,5.3,mwc,108,48.5,,0.94,us,usp000e0we,2022-05-02T18:01:43.725Z,"29 km NNW of Amahai, Indonesia",earthquake,,,,,reviewed,us,hrv
2005-10-04T20:57:06.100Z,13.855,-89.698,50.8,4.4,mb,24,104.6,,1.47,us,usp000e0wd,2014-11-07T01:27:17.180Z,"5 km ENE of Juayúa, El Salvador",earthquake,,12.4,,8,reviewed,us,us
2005-10-04T20:37:04.910Z,53.225,-166.156,21.1,2.6,ml,7,300.5,,,us,usp000e0wc,2019-02-13T03:31:29.542Z,"76 km SSE of Unalaska, Alaska",earthquake,,,,,reviewed,aeic,aeic
2005-10-04T19:54:30.800Z,46.379,6.282,2,2.7,ml,45,49.5,,,us,usp000e0wb,2014-11-07T01:27:17.144Z,"3 km SE of Prangins, Switzerland",earthquake,,,,,reviewed,ldg,ldg
2005-10-04T19:51:35.130Z,-16.27,166.701,14.6,4.8,mb,24,152.6,,1.2,us,usp000e0wa,2014-11-07T01:27:17.138Z,"77 km WSW of Norsup, Vanuatu",earthquake,,36.3,,1,reviewed,us,us
2005-10-04T19:25:22.100Z,-33.885,-68.892,6.1,2.9,ml,11,244.9,,,us,usp000e0w9,2014-11-07T01:27:17.134Z,"96 km NNW of San Rafael, Argentina",earthquake,,,,,reviewed,guc,guc
2005-10-04T18:32:33.400Z,-34.515,-70.573,108.9,3.5,md,17,242.8,,,us,usp000e0w8,2014-11-07T01:27:17.128Z,"28 km ESE of Rengo, Chile",earthquake,,,,,reviewed,guc,guc
2005-10-04T18:20:13.900Z,-33.273,-70.746,71.8,2.6,md,9,159.5,,,us,usp000e0w7,2014-11-07T01:27:17.125Z,"8 km W of Chicureo Abajo, Chile",earthquake,,,,,reviewed,guc,guc
2005-10-04T17:51:39.290Z,71.09,-7.696,19.7,3.6,ml,18,98.9,,1.02,us,usp000e0w6,2014-11-07T01:27:17.121Z,"41 km ENE of Olonkinbyen, Svalbard and Jan Mayen",earthquake,,12,,,reviewed,us,ber
2005-10-04T17:35:03.314Z,58.3625,-133.7271,1,2.6,ml,,,,0.49,ak,ak005cqe70e3,2019-02-13T03:31:35.790Z,"Southeastern Alaska",earthquake,,0,,,reviewed,ak,ak
2005-10-04T17:13:21.920Z,42.184,83.764,10,4,mb,13,111.4,,1.28,us,usp000e0w5,2014-11-07T01:27:17.117Z,"86 km NE of Kuqa, China",earthquake,,,,1,reviewed,us,us
2005-10-04T16:33:59.010Z,11.664,125.745,10,4.6,mb,12,167.8,,0.9,us,usp000e0w4,2014-11-07T01:27:17.114Z,"31 km ENE of Lalawigan, Philippines",earthquake,,0,,7,reviewed,us,us
2005-10-04T16:29:57.560Z,-5.618,102.944,37.2,4.8,mb,49,69.3,,0.92,us,usp000e0w3,2014-11-07T01:27:17.101Z,"179 km S of Pagar Alam, Indonesia",earthquake,,,,18,reviewed,us,us
2005-10-04T16:13:36.400Z,34.73,26.08,28,3.1,md,5,227.3,,,us,usp000e0w2,2014-11-07T01:27:17.099Z,"43 km SE of Ierápetra, Greece",earthquake,,,,,reviewed,ath,ath
2005-10-04T14:47:33.590Z,41.753,138.232,264.2,4,mb,11,145.7,,0.34,us,usp000e0w0,2014-11-07T01:27:17.094Z,"200 km W of Kamiiso, Japan",earthquake,,15.7,,3,reviewed,us,us
2005-10-04T13:56:58.988Z,60.0817,-153.7428,178.4,2.8,ml,,,,0.4,ak,ak005cqbxway,2019-02-13T03:31:34.615Z,"34 km ESE of Port Alsworth, Alaska",earthquake,,31.8,,,reviewed,ak,ak
2005-10-04T13:37:13.300Z,44.365,7.193,19.8,3,ml,66,30.3,,,us,usp000e0vy,2014-11-07T01:27:17.068Z,"5 km SSW of Campomolino, Italy",earthquake,,,,,reviewed,rom,ldg
2005-10-04T12:56:11.210Z,14.095,95.816,21.5,4.4,mb,17,156.9,,1.04,us,usp000e0vx,2014-11-07T01:27:17.063Z,"242 km S of Pyapon, Myanmar",earthquake,,23.5,,6,reviewed,us,us
2005-10-04T12:55:42.365Z,63.248,-145.265,1,2.5,ml,,,,0.47,ak,ak005cqbc7p8,2019-02-13T03:31:33.860Z,"24 km NE of Paxson, Alaska",earthquake,,0,,,reviewed,ak,ak
2005-10-04T12:52:15.301Z,63.2663,-145.2276,3.5,3.6,ml,,,,0.52,ak,ak005cqbbigq,2019-02-13T03:31:28.271Z,"27 km NE of Paxson, Alaska",earthquake,,6.2,,,reviewed,ak,ak
2005-10-04T12:48:53.100Z,37.76,22.98,23,2.9,ml,13,60.4,,,us,usp000e0vv,2014-11-07T01:27:17.053Z,"7 km WSW of Sofikón, Greece",earthquake,,,,,reviewed,ath,ath
2005-10-04T12:42:45.520Z,19.601,-66.335,45.7,2.8,md,5,341,,,us,usp000e0vu,2014-11-07T01:27:17.051Z,"125 km N of Brenas, Puerto Rico",earthquake,,,,,reviewed,rspr,rspr
2005-10-04T12:23:25.160Z,5.559,94.277,44.6,5,mwc,212,43.6,,0.69,us,usp000e0vt,2025-12-19T23:23:14.611Z,"117 km W of Banda Aceh, Indonesia",earthquake,,,,,reviewed,us,hrv
2005-10-04T11:50:03.100Z,-49.809,-115.263,10,4.7,mb,12,101.9,,1.46,us,usp000e0vs,2014-11-07T01:27:17.006Z,"southern East Pacific Rise",earthquake,,,,3,reviewed,us,us
2005-10-04T11:44:55.630Z,19.213,-66.641,38.1,3.8,md,9,296.7,,,us,usp000e0vr,2014-11-07T01:27:17.002Z,"82 km N of Arecibo, Puerto Rico",earthquake,,,,,reviewed,rspr,rspr
2005-10-04T11:44:03.820Z,-5.479,152.231,57.5,4.6,mb,10,177.3,,0.79,us,usp000e0vq,2014-11-07T01:27:16.998Z,"125 km S of Kokopo, Papua New Guinea",earthquake,,24.7,,3,reviewed,us,us
2005-10-04T11:09:45.080Z,10.421,-85.165,62,4.1,md,10,124,,0.41,us,usp000e0vp,2014-11-07T01:27:16.995Z,"7 km W of Cañas, Costa Rica",earthquake,,10,,,reviewed,us,casc
2005-10-04T10:56:05.960Z,-23.046,-68.078,132.9,4,mb,12,66.9,,1.33,us,usp000e0vn,2014-11-07T01:27:16.990Z,"19 km SE of San Pedro de Atacama, Chile",earthquake,,12.9,,2,reviewed,us,us
2005-10-04T10:35:33.640Z,38.8296667,-122.8115,1.405,2.56,md,50,38,0.006306,0.1,nc,nc21487583,2017-01-12T18:44:39.270Z,"7 km W of Cobb, California",earthquake,0.17,0.21,0.12,34,reviewed,nc,nc
2005-10-04T10:21:43.010Z,43.399,16.521,10,4,ml,95,35.7,,1.44,us,usp000e0vm,2014-11-07T01:27:16.968Z,"2 km NW of Supetar, Croatia",earthquake,,,,,reviewed,us,grf
2005-10-04T09:57:01.890Z,-16.988,-69.985,157.3,4.1,mb,9,108.6,,1.65,us,usp000e0vk,2014-11-07T01:27:16.964Z,"33 km N of Chuquitira, Peru",earthquake,,12.9,,3,reviewed,us,us
2005-10-04T09:23:32.000Z,-19.722,134.015,11,3.2,ml,4,173.8,,,us,usp000e0vg,2014-11-07T01:27:16.946Z,"20 km WSW of Tennant Creek, Australia",earthquake,,,,,reviewed,aust,aust
2005-10-04T09:12:46.220Z,9.481,125.431,31.7,4.9,mwc,69,69.5,,1.11,us,usp000e0vf,2016-11-10T01:12:31.106Z,"1 km SSW of Cantapoy, Philippines",earthquake,,,,,reviewed,us,hrv
2005-10-04T09:09:31.340Z,-16.032,-173.398,10,4.6,mb,19,124,,1.27,us,usp000e0ve,2014-11-07T01:27:16.924Z,"43 km ESE of Hihifo, Tonga",earthquake,,,,3,reviewed,us,us
2005-10-04T09:06:11.040Z,9.455,125.59,15,4.3,mb,9,132.8,,1.23,us,usp000e0vd,2014-11-07T01:27:16.921Z,"1 km E of Kitcharao, Philippines",earthquake,,0,,2,reviewed,us,us
2005-10-04T08:49:11.720Z,-5.544,146.574,91.9,4.8,mb,16,109.2,,0.81,us,usp000e0vc,2014-11-07T01:27:16.917Z,"94 km ESE of Madang, Papua New Guinea",earthquake,,17.5,,5,reviewed,us,us
2005-10-04T08:46:32.880Z,43.661,146.697,114.5,4.4,mb,9,136.9,,0.99,us,usp000e0vb,2014-11-07T01:27:16.915Z,"15 km S of Shikotan, Russia",earthquake,,50.1,,1,reviewed,us,us
2005-10-04T08:41:23.831Z,38.7287,-119.7325,7,2.5,ml,4,241.98,0.192,0.0431,nn,nn00191029,2018-04-24T20:55:06.310Z,"5 km NE of Markleeville, California",earthquake,,11.1,,,reviewed,nn,nn
2005-10-04T07:20:50.123Z,55.9372,-159.1757,87.9,2.5,ml,,,,0.27,ak,ak005cq85k7o,2019-02-13T03:31:32.375Z,"3 km NNW of Perryville, Alaska",earthquake,,0.7,,,reviewed,ak,ak
2005-10-04T07:05:17.000Z,41.656,12.955,9.9,2.6,ml,14,190.8,,,us,usp000e0va,2014-11-07T01:27:16.911Z,"3 km SE of Rocca Massima, Italy",earthquake,,,,,reviewed,rom,rom
2005-10-04T07:00:19.270Z,-23.384,-179.638,516.8,4,mb,11,118.9,,1.24,us,usp000e0v9,2014-11-07T01:27:16.908Z,"south of the Fiji Islands",earthquake,,19.6,,1,reviewed,us,us
2005-10-04T06:48:45.890Z,46.2028333,-122.1878333,-1.559,3,md,16,62,,0.2,uw,uw10676998,2016-07-22T21:57:33.150Z,"38 km NNE of Amboy, Washington",earthquake,0.664,0.58,0.04,7,reviewed,uw,uw
2005-10-04T06:45:13.070Z,37.698,72.872,120.4,4.1,mb,11,172.5,,0.68,us,usp000e0v7,2014-11-07T01:27:16.902Z,"96 km NNE of Khand?d, Afghanistan",earthquake,,32.6,,2,reviewed,us,us
2005-10-04T06:18:07.130Z,32.6206667,-118.0975,5.726,3.34,ml,11,252,0.749,0.4,ci,ci14190076,2016-03-07T22:49:57.289Z,"32km SE of San Clemente Is. (SE tip), CA",earthquake,2.39,31.61,0.127,211,reviewed,ci,ci
2005-10-04T06:08:17.000Z,44.14,7.27,5,2.8,ml,52,30.4,,,us,usp000e0v5,2014-11-07T01:27:16.887Z,"7 km N of Saint-Martin-Vésubie, France",earthquake,,,,,reviewed,str,gen
2005-10-04T06:03:53.450Z,57.425,120.654,13.6,4.1,mb,18,102.4,,0.82,us,usp000e0v4,2014-11-07T01:27:16.883Z,"155 km ENE of Chara, Russia",earthquake,,18.7,,4,reviewed,us,us
2005-10-04T05:51:11.110Z,13.687,126.525,35,4.4,mb,10,136.4,,1.35,us,usp000e0v3,2014-11-07T01:27:16.880Z,"191 km NE of Cabatuan, Philippines",earthquake,,,,2,reviewed,us,us
2005-10-04T05:23:44.000Z,41.209,32.148,5,3.6,ml,15,83.2,,,us,usp000e0v2,2014-11-07T01:27:16.875Z,"10 km S of Gökçebey, Turkey",earthquake,,,,,reviewed,isk,isk
2005-10-04T04:46:32.330Z,-5.973,152.124,176.1,4.1,mb,11,177,,0.74,us,usp000e0v1,2014-11-07T01:27:16.871Z,"180 km S of Kokopo, Papua New Guinea",earthquake,,19.1,,2,reviewed,us,us
2005-10-04T04:33:44.920Z,18.852,145.124,489.5,5.2,mwc,199,34.2,,0.75,us,usp000e0v0,2025-12-19T23:25:00.720Z,"Pagan region, Northern Mariana Islands",earthquake,,,,,reviewed,us,hrv
2005-10-04T04:30:51.910Z,21.797,143.456,255,4.3,mb,19,158.2,,0.65,us,usp000e0uz,2014-11-07T01:27:16.834Z,"Mariana Islands region",earthquake,,23,,5,reviewed,us,us
2005-10-04T04:20:23.800Z,-5.013,153.434,72,5,mwc,60,48.8,,0.79,us,usp000e0uy,2025-12-19T23:23:13.878Z,"149 km ESE of Kokopo, Papua New Guinea",earthquake,,3.9,,,reviewed,us,hrv
2005-10-04T04:19:40.430Z,12.461,40.646,10,4.5,mb,70,91.4,,0.89,us,usp000e0ux,2014-11-07T01:27:16.805Z,"83 km NNW of Semera, Ethiopia",earthquake,,,,17,reviewed,us,us
2005-10-04T03:59:39.180Z,12.273,93.114,30,4.5,mb,6,199.2,,1.33,us,usp000e0uw,2014-11-07T01:27:16.803Z,"76 km NE of Bamboo Flat, India",earthquake,,,,1,reviewed,us,us
2005-10-04T03:20:56.000Z,41.22,32.105,6.6,3.9,ml,18,106,,,us,usp000e0uv,2014-11-07T01:27:16.799Z,"10 km SSW of Gökçebey, Turkey",earthquake,,,,,reviewed,isk,isk
2005-10-04T03:13:08.500Z,38.65,25.49,30,3.1,md,7,133.4,,,us,usp000e0uu,2014-11-07T01:27:16.797Z,"13 km NNW of Psará, Greece",earthquake,,,,,reviewed,ath,ath
2005-10-04T03:08:46.230Z,46.1978333,-122.194,-1.124,2.7,md,13,102,,0.07,uw,uw10676773,2016-07-22T21:57:31.360Z,"37 km NNE of Amboy, Washington",earthquake,0.25,0.23,0.03,5,reviewed,uw,uw
2005-10-04T02:55:37.720Z,51.878,178.663,121.6,4.5,mb,62,130.7,,0.79,us,usp000e0us,2019-02-13T03:31:26.696Z,"Rat Islands, Aleutian Islands, Alaska",earthquake,,4,,19,reviewed,us,us
2005-10-04T02:54:45.430Z,44.403,148.166,35.2,4.7,mb,90,134.9,,0.85,us,usp000e0ur,2014-11-07T01:27:16.769Z,"94 km SSE of Kuril’sk, Russia",earthquake,,14,,38,reviewed,us,us
2005-10-04T02:11:18.810Z,-6.773,105.578,15,4.7,mb,31,82.6,,0.79,us,usp000e0up,2014-11-07T01:27:16.759Z,"51 km SSW of Labuan, Indonesia",earthquake,,0,,8,reviewed,us,us
2005-10-04T00:52:23.220Z,44.565,-116.016,5,2.9,ml,23,72.3,,0.37,us,usp000e0um,2014-11-07T01:27:16.751Z,"5 km NNE of Cascade, Idaho",earthquake,,,,,reviewed,us,us
2005-10-04T00:23:12.200Z,35.6,23.2,16,3.3,md,5,191.3,,,us,usp000e0uk,2014-11-07T01:27:16.749Z,"42 km WNW of Kíssamos, Greece",earthquake,,,,,reviewed,ath,ath
2005-10-04T00:10:24.950Z,-7.974,106.946,90.9,4.6,mb,32,85.2,,1.08,us,usp000e0uj,2014-11-07T01:27:16.743Z,"101 km SSW of Banjar, Indonesia",earthquake,,22.1,,11,reviewed,us,us
2005-10-03T23:30:29.450Z,-7.887,107.028,35,4.9,mwc,58,62.4,,1.18,us,usp000e0ug,2016-11-10T01:12:30.106Z,"88 km SSW of Banjar, Indonesia",earthquake,,,,,reviewed,us,hrv
2005-10-03T23:20:58.430Z,32.0983333,-115.7881667,5.787,2.57,ml,11,263,0.5519,0.26,ci,ci14190008,2016-03-08T00:15:01.958Z,"57km SSW of Progreso, B.C., MX",earthquake,1.96,31.61,0.29,43,reviewed,ci,ci
2005-10-03T23:15:18.550Z,43.792,148.427,35,4.6,mb,42,137.6,,0.92,us,usp000e0uf,2014-11-07T01:27:16.719Z,"137 km E of Shikotan, Russia",earthquake,,,,9,reviewed,us,us
2005-10-03T23:06:52.480Z,54.14,-162.863,19.2,3.6,ml,32,206,,,us,usp000e0ue,2019-02-13T03:31:18.206Z,"87 km SSE of False Pass, Alaska",earthquake,,,,,reviewed,aeic,aeic
2005-10-03T22:41:54.000Z,46.1978333,-122.1945,-1.911,2.5,md,14,103,0.006076,0.29,uw,uw10676688,2016-07-22T21:57:29.290Z,"37 km NNE of Amboy, Washington",earthquake,0.042,0.13,0.04,5,reviewed,uw,uw
2005-10-03T22:09:24.180Z,5.509,94.368,32,5.5,mwc,334,41.3,,0.82,us,usp000e0ud,2025-12-19T23:23:13.253Z,"107 km W of Banda Aceh, Indonesia",earthquake,,,,,reviewed,us,hrv
2005-10-03T21:55:02.700Z,40.44,21.16,24,3.5,md,23,80.3,,,us,usp000e0uc,2014-11-07T01:27:16.616Z,"6 km S of Mesopotamía, Greece",earthquake,,,,,reviewed,ath,ath
2005-10-03T20:56:54.900Z,37.15,22.11,5,3.1,md,6,142.4,,,us,usp000e0ub,2014-11-07T01:27:16.614Z,"5 km E of Arfará, Greece",earthquake,,,,,reviewed,ath,ath
2005-10-03T20:49:19.890Z,40.2773333,-124.3506667,4.241,3.06,md,11,230,0.04414,1.92,nc,nc21487428,2017-01-12T18:34:15.886Z,"31 km SW of Scotia, California",earthquake,20.61,6.2,0.21,9,reviewed,nc,nc
2005-10-03T20:26:58.890Z,13.453,92.719,30,4.2,mb,21,173.6,,1.08,us,usp000e0u9,2014-11-07T01:27:16.608Z,"193 km N of Bamboo Flat, India",earthquake,,,,3,reviewed,us,us
2005-10-03T20:16:03.800Z,40.78,22.49,28,2.7,md,4,191.3,,,us,usp000e0u8,2014-11-07T01:27:16.606Z,"1 km N of Néa Pélla, Greece",earthquake,,,,,reviewed,ath,ath
2005-10-03T19:25:23.910Z,-33.013,-179.603,35,4.5,mb,20,144.3,,1.45,us,usp000e0u7,2014-11-07T01:27:16.600Z,"south of the Kermadec Islands",earthquake,,,,7,reviewed,us,us
2005-10-03T18:39:18.700Z,28.55,56.89,16.5,4.2,mb,22,93,,,us,usp000e0u6,2014-11-07T01:27:16.596Z,"80 km S of K?h Sef?d, Iran",earthquake,,,,3,reviewed,thr,us
2005-10-03T18:07:50.650Z,43.765,-105.233,0,3.2,ml,11,142.6,,0.83,rusms,rusms00003995,2022-06-09T21:12:45.141Z,"20 km E of Wright, Wyoming",explosion,,,,,reviewed,us,us
2005-10-03T17:51:57.174Z,40.5172,-116.7416,0,2.9,ml,4,329.78,0.375,0.1217,nn,nn00191028,2018-04-24T20:55:04.979Z,"17 km NW of Crescent Valley, Nevada",earthquake,,0,,,reviewed,nn,nn
2005-10-03T17:38:37.390Z,36.558,141.352,35,4.4,mb,9,155.8,,1.26,us,usp000e0u5,2014-11-07T01:27:16.593Z,"59 km ESE of Takahagi, Japan",earthquake,,,,1,reviewed,us,us
2005-10-03T17:00:10.100Z,46.012,1.494,6.1,2.5,ml,15,81.2,,,us,usp000e0u4,2014-11-07T01:27:16.587Z,"9 km NE of Ambazac, France",earthquake,,,,,reviewed,ldg,ldg
2005-10-03T16:51:59.720Z,40.3175,-125.1968333,23.935,2.77,md,10,317,0.6757,0.43,nc,nc21487348,2017-01-12T18:31:17.473Z,"84 km WSW of Ferndale, California",earthquake,5.01,33.47,0.01,2,reviewed,nc,nc
2005-10-03T16:29:20.800Z,34.97,23.2,7,3.2,md,4,253.2,,,us,usp000e0u3,2014-11-07T01:27:16.585Z,"52 km WSW of Palaióchora, Greece",earthquake,,,,,reviewed,ath,ath
2005-10-03T16:29:08.060Z,12.909,92.5,30,4.3,mb,16,184.8,,0.28,us,usp000e0u2,2014-11-07T01:27:16.582Z,"135 km N of Bamboo Flat, India",earthquake,,,,6,reviewed,us,us
2005-10-03T16:24:20.990Z,-31.121,-68.386,103,4.5,mb,28,97.5,,0.88,us,usp000e0u1,2014-11-07T01:27:16.573Z,"35 km NNE of San Martín, Argentina",earthquake,,5,,3,reviewed,us,us
2005-10-03T16:00:21.600Z,39.76,21.84,16,3.3,md,11,85.5,,,us,usp000e0u0,2014-11-07T01:27:16.570Z,"12 km WSW of Verdikoússa, Greece",earthquake,,,,,reviewed,ath,ath
2005-10-03T15:57:43.740Z,51.92,-172.478,20,3.2,ml,10,343.2,,,us,usp000e0tz,2019-02-13T03:31:16.330Z,"122 km ESE of Atka, Alaska",earthquake,,,,,reviewed,aeic,aeic
2005-10-03T14:28:58.700Z,38.664,17.024,34.8,2.9,ml,7,163.1,,,us,usp000e0ty,2014-11-07T01:27:16.564Z,"27 km S of Le Castella, Italy",earthquake,,,,,reviewed,rom,rom
2005-10-03T14:28:12.620Z,51.485,-178.126,30.3,2.9,ml,14,341.8,,,us,usp000e0tx,2019-02-13T03:31:15.904Z,"111 km WSW of Adak, Alaska",earthquake,,,,,reviewed,aeic,aeic
2005-10-03T14:14:20.600Z,-39.6,174.34,195,3.7,m,25,202.9,,,us,usp000e0tw,2014-11-07T01:27:16.555Z,"4 km E of Hawera, New Zealand",earthquake,,,,,reviewed,wel,wel
2005-10-03T14:06:19.990Z,9.469,-77.904,35.5,5.2,mwc,338,35.8,,0.74,us,usp000e0tv,2022-05-02T18:01:42.363Z,"29 km NNE of Ailigandí, Panama",earthquake,,,,,reviewed,us,hrv
2005-10-03T14:01:10.800Z,17.008,-98.558,41.9,4,md,12,117.9,,,us,usp000e0tu,2014-11-07T01:27:16.489Z,"5 km NNE of Buena Vista, Mexico",earthquake,,,,,reviewed,unm,unm
2005-10-03T14:00:03.160Z,-16.335,166.787,35,4.4,mb,11,162,,1.32,us,usp000e0tt,2014-11-07T01:27:16.485Z,"71 km WSW of Norsup, Vanuatu",earthquake,,,,4,reviewed,us,us
2005-10-03T13:58:22.030Z,-4.823,154.418,458.2,4.2,mb,18,111.2,,0.73,us,usp000e0ts,2014-11-07T01:27:16.482Z,"200 km NW of Arawa, Papua New Guinea",earthquake,,18.3,,6,reviewed,us,us
2005-10-03T13:22:22.260Z,-6.241,130.194,35,4.5,mb,27,95.9,,1.24,us,usp000e0tr,2014-11-07T01:27:16.476Z,"291 km WSW of Tual, Indonesia",earthquake,,,,10,reviewed,us,us
2005-10-03T13:15:01.980Z,7.348,126.909,79.4,4.8,mb,26,118.8,,0.95,us,usp000e0tq,2014-11-07T01:27:16.467Z,"37 km E of Santiago, Philippines",earthquake,,13,,12,reviewed,us,us
2005-10-03T13:01:51.480Z,7.3,127.005,75.6,4.4,mb,18,138,,0.68,us,usp000e0tp,2014-11-07T01:27:16.461Z,"47 km E of Santiago, Philippines",earthquake,,13.1,,8,reviewed,us,us
2005-10-03T12:55:59.250Z,46.191,-122.194,-1.041,2.7,md,15,121,,0.18,uw,uw10676433,2016-07-22T21:57:25.360Z,"36 km NNE of Amboy, Washington",earthquake,0.523,0.66,0.04,5,reviewed,uw,uw
2005-10-03T12:48:26.700Z,38.2,21.91,19,2.9,md,5,117.3,,,us,usp000e0tm,2014-11-07T01:27:16.456Z,"10 km SE of Áno Kastrítsi, Greece",earthquake,,,,,reviewed,ath,ath
2005-10-03T12:08:01.570Z,-21.913,-179.481,593.1,4.8,mb,23,118.9,,1.07,us,usp000e0tk,2014-11-07T01:27:16.451Z,"Fiji region",earthquake,,37,,8,reviewed,us,us
2005-10-03T12:07:29.250Z,-7.096,128.379,35,4.5,mb,8,173.5,,0.76,us,usp000e0tj,2014-11-07T01:27:16.448Z,"219 km NE of Lospalos, Timor Leste",earthquake,,,,1,reviewed,us,us
2005-10-03T12:04:06.760Z,10.507,-61.12,28,2.8,md,4,126.3,,,us,usp000e0th,2014-11-07T01:27:16.445Z,"8 km S of Sangre Grande, Trinidad and Tobago",earthquake,,,,,reviewed,trn,trn
2005-10-03T11:58:34.632Z,62.848,-152.1374,13.2,2.8,ml,,,,0.9,ak,ak005con825j,2019-02-13T03:31:13.130Z,"79 km SSW of Denali National Park, Alaska",earthquake,,0.5,,,reviewed,ak,ak
2005-10-03T11:33:47.890Z,38.8078333,-122.7941667,2.892,2.5,md,53,39,0,0.08,nc,nc21487248,2017-01-12T18:09:47.800Z,"6 km WSW of Cobb, California",earthquake,0.17,0.22,0.12,35,reviewed,nc,nc
2005-10-03T11:26:37.730Z,-56.021,-26.659,51.3,5.1,mwc,45,56,,0.69,us,usp000e0tf,2025-12-19T23:24:47.451Z,"South Sandwich Islands region",earthquake,,13,,,reviewed,us,hrv
2005-10-03T10:32:15.160Z,19.575,-64.429,50.4,3.7,md,11,308.8,,,us,usp000e0te,2014-11-07T01:27:16.421Z,"142 km NNE of Cruz Bay, U.S. Virgin Islands",earthquake,,,,,reviewed,rspr,rspr
2005-10-03T10:28:30.620Z,-57.948,-25.221,35,5.3,mwc,86,49.8,,0.96,us,usp000e0td,2025-12-19T23:23:12.562Z,"South Sandwich Islands region",earthquake,,,,,reviewed,us,hrv
2005-10-03T10:08:02.540Z,37.545,-118.8248333,7.737,2.66,md,45,113,0.04505,0.05,nc,nc21487223,2017-01-12T18:07:15.880Z,"9 km W of Aspen Springs, California",earthquake,0.23,0.51,0.17,44,reviewed,nc,nc
2005-10-03T09:37:10.249Z,61.538,-150.0029,46.5,3.2,ml,,,,0.71,ak,ak005colwn0w,2019-02-13T03:31:12.151Z,"3 km NW of Big Lake, Alaska",earthquake,,0.6,,,reviewed,ak,ak
2005-10-03T09:19:03.390Z,37.5515,-118.8235,8.049,3.71,ml,45,112,0.03874,0.05,nc,nc21487209,2017-03-17T18:47:19.467Z,"9 km W of Aspen Springs, California",earthquake,0.23,0.49,,16,reviewed,nc,nc
2005-10-03T09:16:03.230Z,37.5488333,-118.8243333,7.969,3.36,ml,41,112,0.04144,0.04,nc,nc30507046,2017-01-12T18:03:31.160Z,"9 km W of Aspen Springs, California",earthquake,0.26,0.51,,4,automatic,nc,nc
2005-10-03T09:06:14.610Z,38.111,133.947,411.6,3.7,mb,15,92.4,,0.7,us,usp000e0t9,2014-11-07T01:27:16.376Z,"285 km WNW of Hakui, Japan",earthquake,,11.1,,1,reviewed,us,us
2005-10-03T09:00:51.400Z,41.603,14.336,19.6,2.8,ml,8,125.3,,,us,usp000e0t8,2014-11-07T01:27:16.373Z,"southern Italy",earthquake,,,,,reviewed,rom,rom
2005-10-03T07:26:05.150Z,42.049,142.485,72,4.4,mwr,46,135.5,,0.93,us,usp000e0t7,2014-11-07T01:27:16.360Z,"33 km SSE of Shizunai-furukawach?, Japan",earthquake,,8.4,,,reviewed,us,nied
2005-10-03T07:16:48.920Z,-5.62,151.662,70.5,4.4,mb,21,97.3,,0.63,us,usp000e0t6,2014-11-07T01:27:16.356Z,"156 km SSW of Kokopo, Papua New Guinea",earthquake,,14.6,,7,reviewed,us,us
2005-10-03T07:16:39.520Z,40.772,19.835,11,2.8,md,13,184.8,,,us,usp000e0t5,2014-11-07T01:27:16.351Z,"3 km W of Ura Vajgurore, Albania",earthquake,,,,,reviewed,pdg,pdg
2005-10-03T07:15:47.940Z,-5.328,151.784,35,4.7,mb,9,176.4,,1.08,us,usp000e0t4,2014-11-07T01:27:16.348Z,"121 km SSW of Kokopo, Papua New Guinea",earthquake,,,,2,reviewed,us,us
2005-10-03T06:46:32.000Z,25.168,123.747,117,4.1,mb,20,76.6,,0.65,us,usp000e0t3,2014-11-07T01:27:16.343Z,"100 km NNW of Ishigaki, Japan",earthquake,,6.2,,2,reviewed,us,us
2005-10-03T06:42:41.440Z,19.064,-66.654,51.3,2.9,md,4,296.9,,,us,usp000e0t2,2014-11-07T01:27:16.341Z,"65 km N of Arecibo, Puerto Rico",earthquake,,,,,reviewed,rspr,rspr
2005-10-03T06:41:02.700Z,38.83,22.13,5,3.1,md,9,110.3,,,us,usp000e0t1,2014-11-07T01:27:16.338Z,"8 km S of Spercheiáda, Greece",earthquake,,,,,reviewed,ath,ath
2005-10-03T06:32:07.000Z,-31.27,-68.733,150,3.5,md,12,242.4,,,us,usp000e0t0,2014-11-07T01:27:16.334Z,"27 km NW of Albardón, Argentina",earthquake,,,,,reviewed,guc,guc
2005-10-03T06:15:54.600Z,-26.629,-71.068,37.4,3.7,md,4,232.3,,,us,usp000e0sz,2014-11-07T01:27:16.332Z,"105 km WSW of Diego de Almagro, Chile",earthquake,,,,,reviewed,guc,guc
2005-10-03T06:10:29.761Z,59.8683,-152.886,94.6,2.5,ml,,,,0.59,ak,ak005cojylds,2019-02-13T03:31:11.341Z,"60 km W of Anchor Point, Alaska",earthquake,,1.2,,,reviewed,ak,ak
2005-10-03T05:58:26.660Z,13.347,-90.418,81.2,4.3,mb,18,190.2,,0.9,us,usp000e0sy,2014-11-07T01:27:16.327Z,"69 km WSW of Acajutla, El Salvador",earthquake,,17.6,,6,reviewed,us,us
2005-10-03T05:52:09.900Z,-32.325,-70.166,117.5,3.4,md,20,131.4,,,us,usp000e0sx,2014-11-07T01:27:16.320Z,"69 km NE of Los Andes, Chile",earthquake,,,,,reviewed,guc,guc
2005-10-03T05:36:48.350Z,-21.578,-178.988,603.1,4.4,mb,23,118.9,,0.72,us,usp000e0sw,2014-11-07T01:27:16.315Z,"Fiji region",earthquake,,30.5,,5,reviewed,us,us
2005-10-03T05:07:23.880Z,-52.958,-118.434,10,5.1,mwc,79,58.3,,1.27,us,usp000e0sv,2025-12-19T22:39:05.302Z,"southern East Pacific Rise",earthquake,,,,,reviewed,us,hrv
2005-10-03T05:00:17.080Z,-16.712,-70.832,10,4.3,mb,7,113.6,,0.94,us,usp000e0su,2014-11-07T01:27:16.288Z,"6 km NE of Quinistaquillas, Peru",earthquake,,,,1,reviewed,us,us
2005-10-03T04:59:07.160Z,36.152,136.762,0.8,4.2,mw,17,111.6,,,us,usp000e0st,2014-11-07T01:27:16.282Z,"25 km ENE of Katsuyama, Japan",earthquake,,,,,reviewed,jma,niec
2005-10-03T04:58:57.100Z,-31.73,-70.006,130.7,3.6,md,19,159.9,,,us,usp000e0ss,2014-11-07T01:27:16.275Z,"Chile-Argentina border region",earthquake,,,,,reviewed,guc,guc
2005-10-03T04:22:07.650Z,-1.355,150.305,30,5.1,mwc,73,36.6,,0.82,us,usp000e0sr,2025-12-19T23:23:11.820Z,"145 km NNW of Kavieng, Papua New Guinea",earthquake,,,,,reviewed,us,hrv
2005-10-03T04:05:25.610Z,31.78,35.505,10,4.4,mb,10,223.1,,1.34,us,usp000e0sq,2022-07-14T14:37:00.587Z,"10 km SSE of Jericho, Palestinian Territory",earthquake,,,,1,reviewed,us,us
2005-10-03T04:00:22.060Z,-5.723,151.605,35,4.9,mwc,62,55.3,,0.93,us,usp000e0sp,2016-11-10T01:12:26.382Z,"163 km E of Kimbe, Papua New Guinea",earthquake,,,,,reviewed,us,hrv
2005-10-03T03:41:10.000Z,58.29,-133.57,1,2.9,ml,5,90.9,,,us,usp000e0sn,2014-11-07T01:27:16.229Z,"49 km E of Juneau, Alaska",earthquake,,,,,reviewed,pgc,pgc
2005-10-03T03:20:43.870Z,38.317,143.429,35,4.2,mwr,25,84,,0.9,us,usp000e0sm,2014-11-07T01:27:16.219Z,"170 km ESE of ?funato, Japan",earthquake,,,,,reviewed,us,nied
2005-10-03T03:09:19.400Z,-3.649,135.753,35,4.2,mb,8,101.6,,1.35,us,usp000e0sk,2014-11-07T01:27:16.215Z,"42 km SE of Nabire, Indonesia",earthquake,,,,4,reviewed,us,us
2005-10-03T03:06:37.700Z,38.05,21.17,3,3.3,md,4,140.6,,,us,usp000e0sj,2014-11-07T01:27:16.213Z,"12 km N of Kyllíni, Greece",earthquake,,,,,reviewed,ath,ath
2005-10-03T02:18:21.210Z,-16.719,-70.67,35,4.9,mb,31,98.3,,0.97,us,usp000e0sh,2014-11-07T01:27:16.206Z,"3 km NNE of Cuchumbaya, Peru",earthquake,,,,4,reviewed,us,us
2005-10-03T02:12:26.230Z,21.281,120.389,48.4,4.5,mb,12,118.9,,0.79,us,usp000e0sg,2014-11-07T01:27:16.203Z,"88 km SSW of Hengchun, Taiwan",earthquake,,17.8,,1,reviewed,us,us
2005-10-03T01:53:24.350Z,56.154,164.609,35,4.4,mb,14,159,,0.46,us,usp000e0sf,2014-11-07T01:27:16.198Z,"132 km E of Ust’-Kamchatsk Staryy, Russia",earthquake,,,,1,reviewed,us,us
2005-10-03T01:46:59.790Z,51.499,16.024,5,3.8,ml,59,39,,1.25,us,usp000e0se,2014-11-07T01:27:16.181Z,"3 km W of Polkowice, Poland",earthquake,,,,,reviewed,us,ldg
2005-10-03T01:43:21.130Z,19.462,145.446,221.4,4.5,mb,13,148.5,,0.9,us,usp000e0sd,2014-11-07T01:27:16.178Z,"Maug Islands region, Northern Mariana Islands",earthquake,,15.4,,4,reviewed,us,us
2005-10-03T01:40:07.300Z,-32.419,-70.894,78.7,2.6,md,8,287.8,,,us,usp000e0sc,2014-11-07T01:27:16.175Z,"31 km E of La Ligua, Chile",earthquake,,,,,reviewed,guc,guc
2005-10-03T01:33:12.160Z,19.25,-64.234,64.4,3.7,md,6,341.6,,,us,usp000e0sb,2014-11-07T01:27:16.172Z,"Virgin Islands",earthquake,,,,,reviewed,rspr,rspr
2005-10-03T01:18:10.040Z,19.424,-64.629,45.2,3.5,md,5,334.3,,,us,usp000e0sa,2014-11-07T01:27:16.170Z,"122 km N of Cruz Bay, U.S. Virgin Islands",earthquake,,,,,reviewed,rspr,rspr
2005-10-03T01:06:30.370Z,46.1961667,-122.1906667,-1.811,2.5,md,13,102,0.003058,0.22,uw,uw10676408,2016-07-22T21:57:24.230Z,"37 km NNE of Amboy, Washington",earthquake,0.042,0.11,0.04,5,reviewed,uw,uw
2005-10-03T01:02:58.250Z,1.056,97.18,30,4.2,mb,10,214.8,,0.24,us,usp000e0s9,2014-11-07T01:27:16.166Z,"152 km SSW of Singkil, Indonesia",earthquake,,,,2,reviewed,us,us
2005-10-03T00:58:07.190Z,1.108,97.239,23.7,5.2,mwc,63,87.3,,0.92,us,usp000e0s8,2022-05-02T18:09:48.718Z,"144 km SSW of Singkil, Indonesia",earthquake,,,,,reviewed,us,hrv
2005-10-03T00:53:23.860Z,-5.554,151.726,38.6,5.1,mwc,86,62.5,,0.75,us,usp000e0s7,2022-05-02T15:56:26.993Z,"146 km SSW of Kokopo, Papua New Guinea",earthquake,,7.9,,,reviewed,us,hrv
2005-10-03T00:35:53.000Z,-34.038,-71.338,56.2,3.4,md,20,168.5,,,us,usp000e0s6,2014-11-07T01:27:16.116Z,"40 km SSW of Melipilla, Chile",earthquake,,,,,reviewed,guc,guc
2005-10-03T00:35:43.080Z,51.573,16.07,5,2.7,ml,14,238.6,,0.67,us,usp000e0s5,2014-11-07T01:27:16.109Z,"7 km WSW of Gr?bocice, Poland",earthquake,,,,,reviewed,us,grf
2005-10-03T00:21:04.523Z,61.0542,-152.3181,111.2,2.6,ml,,,,0.67,ak,ak005coggaok,2019-02-13T03:31:10.363Z,"63 km W of Tyonek, Alaska",earthquake,,1.3,,,reviewed,ak,ak
2005-10-03T00:18:21.490Z,-4.821,151.71,35,4.4,mb,10,261.1,,1.38,us,usp000e0s3,2014-11-07T01:27:16.092Z,"81 km SW of Kokopo, Papua New Guinea",earthquake,,,,5,reviewed,us,us
2005-10-02T23:59:44.190Z,-5.595,151.651,30.5,5.8,mwb,226,25,,0.73,us,usp000e0s2,2024-01-17T20:50:59.673Z,"154 km SSW of Kokopo, Papua New Guinea",earthquake,,,,,reviewed,us,us
2005-10-02T23:45:29.540Z,-53.031,-118.383,10,5.3,mwc,93,68.6,,1,us,usp000e0s1,2025-12-19T23:23:11.185Z,"southern East Pacific Rise",earthquake,,,,,reviewed,us,hrv
2005-10-02T23:30:11.720Z,6.86,92.92,30,4.2,mb,24,108.2,,1.28,us,usp000e0s0,2014-11-07T01:27:15.985Z,"286 km WNW of Sabang, Indonesia",earthquake,,,,5,reviewed,us,us
2005-10-02T23:26:25.140Z,18.913,-67.866,8.7,2.9,md,5,328.7,,,us,usp000e0rz,2014-11-07T01:27:15.982Z,"68 km ENE of Punta Cana, Dominican Republic",earthquake,,,,,reviewed,rspr,rspr
2005-10-02T23:24:41.940Z,12.02,40.537,10,4.9,mwc,138,165.5,,1.12,us,usp000e0ry,2016-11-10T01:12:23.791Z,"Ethiopia",earthquake,,,,,reviewed,us,hrv
2005-10-02T23:12:39.830Z,-53.675,-117.586,10,4.3,mb,6,165,,0.7,us,usp000e0rx,2014-11-07T01:27:15.953Z,"southern East Pacific Rise",earthquake,,,,2,reviewed,us,us
2005-10-02T22:41:16.710Z,19.697,-69.142,126.7,4.1,md,8,343.2,,,us,usp000e0rw,2014-11-07T01:27:15.948Z,"58 km NNE of Samaná, Dominican Republic",earthquake,,,,,reviewed,rspr,rspr
2005-10-02T22:36:49.000Z,39.05,20.62,5,3.2,md,5,194.8,,,us,usp000e0rv,2014-11-07T01:27:15.945Z,"15 km SW of Néos Oropós, Greece",earthquake,,,,,reviewed,ath,ath
2005-10-02T22:32:22.980Z,19.8463333,-155.594,14.955,2.87,ml,34,136,,0.14,hv,hv5451902,2020-03-31T21:29:01.300Z,"21 km SSE of Waimea, Hawaii",earthquake,0.94,15.59,0.29,12,reviewed,hv,hv
2005-10-02T22:07:22.930Z,4.417,-76.532,98.9,4.7,mb,155,65.2,,0.99,us,usp000e0ru,2014-11-07T01:27:15.890Z,"29 km SSE of Sipí, Colombia",earthquake,,,,64,reviewed,us,us
2005-10-02T21:23:10.850Z,51.539,-175.811,22.1,2.9,ml,10,228.9,,,us,usp000e0rt,2019-02-13T03:31:00.503Z,"68 km ESE of Adak, Alaska",earthquake,,,,,reviewed,aeic,aeic
2005-10-02T21:11:26.210Z,35.6551667,-121.091,3.799,3.03,md,77,108,0.05495,0.08,nc,nc21487133,2017-01-12T17:57:25.680Z,"9 km E of San Simeon, California",earthquake,0.1,0.29,0.1,112,reviewed,nc,nc
2005-10-02T20:37:54.000Z,-32.656,-71.658,14.4,3.1,ml,17,203.1,,,us,usp000e0rr,2014-11-07T01:27:15.877Z,"42 km NNW of Viña del Mar, Chile",earthquake,,,,,reviewed,guc,guc
2005-10-02T20:02:10.020Z,46.193,-122.1991667,-0.488,2.6,md,11,82,0.009318,0.13,uw,uw10676228,2016-07-22T21:54:22.980Z,"36 km NNE of Amboy, Washington",earthquake,0.467,0.35,0.05,5,reviewed,uw,uw
2005-10-02T19:59:09.700Z,34.3331667,-116.4678333,4.266,2.72,ml,62,24,0.1002,0.19,ci,ci14189644,2016-03-08T00:14:54.391Z,"25km N of Yucca Valley, CA",earthquake,0.21,0.67,0.191,186,reviewed,ci,ci
2005-10-02T19:20:34.530Z,13.021,92.329,30,4.4,mb,17,176.3,,1.22,us,usp000e0rp,2014-11-07T01:27:15.868Z,"152 km NNW of Bamboo Flat, India",earthquake,,,,5,reviewed,us,us
2005-10-02T19:09:11.400Z,41.88,15.67,19.4,2.8,ml,19,202.5,,,us,usp000e0rn,2014-11-07T01:27:15.862Z,"9 km ENE of Sannicandro Garganico, Italy",earthquake,,,,,reviewed,rom,rom
2005-10-02T19:03:03.890Z,35.6593333,-121.09,4.189,2.6,md,64,105,0.05676,0.08,nc,nc21487109,2017-01-12T17:55:09.450Z,"9 km E of San Simeon, California",earthquake,0.12,0.31,0.1,70,reviewed,nc,nc
2005-10-02T18:59:29.000Z,-35.234,-71.168,93.2,2.7,md,6,328.1,,,us,usp000e0rm,2014-11-07T01:27:15.859Z,"Maule, Chile",earthquake,,,,,reviewed,guc,guc
2005-10-02T18:04:15.030Z,43.736,-105.188,0,3.7,ml,26,97.3,,0.64,rusms,rusms00003994,2022-06-09T21:12:44.809Z,"24 km E of Wright, Wyoming",explosion,,,,,reviewed,us,us
2005-10-02T17:50:08.000Z,-30.034,150.726,0,2.5,ml,5,143.1,,,us,usp000e0rk,2014-11-07T01:27:15.856Z,"23 km SE of Bingara, Australia",earthquake,,,,,reviewed,aust,aust
2005-10-02T17:29:53.920Z,35.663,-121.3103333,5.696,2.62,md,58,188,0.05586,0.09,nc,nc21487085,2017-01-12T17:53:22.020Z,"11 km W of San Simeon, California",earthquake,0.2,0.24,0.12,62,reviewed,nc,nc
2005-10-02T17:25:11.300Z,-32.763,-71.315,38.1,3.5,md,18,140.1,,,us,usp000e0rj,2014-11-07T01:27:15.848Z,"9 km WNW of Hacienda La Calera, Chile",earthquake,,,,,reviewed,guc,guc
2005-10-02T17:02:46.230Z,-8.245,116.415,15,4.5,mb,17,119.8,,1.16,us,usp000e0rh,2014-11-07T01:27:15.843Z,"38 km ENE of Pemenang, Indonesia",earthquake,,0,,2,reviewed,us,us
2005-10-02T16:24:52.260Z,34.2696667,-118.4785,10.471,2.53,ml,83,33,,0.31,ci,ci14189588,2016-03-08T00:55:36.386Z,"2km E of Granada Hills, CA",earthquake,0.29,0.72,0.154,221,reviewed,ci,ci
2005-10-02T16:23:39.290Z,-22.467,176.013,54.8,4.9,mwc,40,76.2,,1.2,us,usp000e0rg,2016-11-10T01:12:23.286Z,"south of the Fiji Islands",earthquake,,13,,,reviewed,us,hrv
2005-10-02T16:22:01.900Z,-24.302,-179.983,504.2,4.6,mb,31,52.1,,0.99,us,usp000e0rf,2014-11-07T01:27:15.814Z,"south of the Fiji Islands",earthquake,,12.1,,7,reviewed,us,us
2005-10-02T16:01:34.200Z,52.562,-169.535,28.5,3,ml,4,211.1,,,us,usp000e0re,2019-02-13T03:30:58.977Z,"61 km SW of Nikolski, Alaska",earthquake,,,,,reviewed,aeic,aeic
2005-10-02T15:36:27.000Z,5.114,94.577,30,4.3,mb,15,190.8,,0.66,us,usp000e0rd,2014-11-07T01:27:15.807Z,"96 km WSW of Banda Aceh, Indonesia",earthquake,,,,5,reviewed,us,us
2005-10-02T15:09:59.330Z,32.0163333,-115.8196667,5.787,3.73,ml,13,269,0.6351,0.32,ci,ci14189580,2016-03-07T21:27:07.390Z,"66km WSW of Alberto Oviedo Mota, B.C., MX",earthquake,1.59,29.22,0.176,165,reviewed,ci,ci
2005-10-02T15:02:52.510Z,35.6605,-121.0888333,4.326,2.51,md,66,104,0.05676,0.07,nc,nc21487057,2017-01-12T17:52:15.620Z,"9 km ENE of San Simeon, California",earthquake,0.11,0.33,0.13,66,reviewed,nc,nc
2005-10-02T14:59:59.420Z,32.0575,-115.8038333,5.787,3.7,ml,13,276,0.5938,0.25,ci,ci14189572,2016-03-07T23:31:40.027Z,"62km SSW of Progreso, B.C., MX",earthquake,1.45,31.61,0.153,150,reviewed,ci,ci
2005-10-02T14:29:46.329Z,63.5472,-144.6035,5.6,2.5,ml,,,,1.06,ak,ak005cn1atm0,2019-02-13T03:30:58.239Z,"12 km SSE of Dry Creek, Alaska",earthquake,,2,,,reviewed,ak,ak
2005-10-02T14:12:29.710Z,36.964,71.792,10,3.6,mb,23,87.3,,1.31,us,usp000e0ra,2014-11-07T01:27:15.791Z,"30 km NNE of Ishqoshim, Tajikistan",earthquake,,,,5,reviewed,us,us
2005-10-02T14:04:19.340Z,51.754,177.846,62.6,3,ml,4,357.7,,,us,usp000e0r9,2019-02-13T03:30:57.867Z,"Rat Islands, Aleutian Islands, Alaska",earthquake,,,,,reviewed,aeic,aeic
2005-10-02T13:53:24.880Z,35.6491667,-121.0891667,4.596,2.6,md,64,107,0.04865,0.09,nc,nc21487043,2017-01-12T17:49:53.090Z,"9 km E of San Simeon, California",earthquake,0.13,0.37,0.09,77,reviewed,nc,nc
2005-10-02T13:49:55.220Z,35.6533333,-121.0911667,4.666,3.48,mw,25,108,0.05315,0.07,nc,nc30507044,2022-06-18T10:34:10.144Z,"9 km E of San Simeon, California",earthquake,0.19,0.5,,3,automatic,nc,nc
2005-10-02T13:48:09.410Z,35.6476667,-121.0916667,4.516,4,mw,73,110,0.04685,0.07,nc,nc21487037,2020-05-06T08:05:10.749Z,"8 km E of San Simeon, California",earthquake,0.13,0.35,,4,reviewed,nc,nc
2005-10-02T13:46:49.600Z,37.876,15.722,45.4,2.5,md,8,159.4,,,us,usp000e0r6,2014-11-07T01:27:15.769Z,"6 km SSW of Melito di Porto Salvo, Italy",earthquake,,,,,reviewed,rom,rom
2005-10-02T13:40:49.370Z,35.6491667,-121.089,4.286,2.81,md,70,107,0.04865,0.08,nc,nc21487033,2017-01-12T17:48:45.950Z,"9 km E of San Simeon, California",earthquake,0.14,0.41,0.08,84,reviewed,nc,nc
2005-10-02T13:23:41.590Z,-5.426,151.779,20,4.6,mb,11,118.5,,0.96,us,usp000e0r4,2014-11-07T01:27:15.763Z,"131 km SSW of Kokopo, Papua New Guinea",earthquake,,,,2,reviewed,us,us
2005-10-02T13:23:08.900Z,48.353,6.626,12,2.6,ml,19,120.6,,,us,usp000e0r3,2014-11-07T01:27:15.754Z,"1 km NNW of Rambervillers, France",earthquake,,,,,reviewed,ldg,ldg
2005-10-02T12:59:33.100Z,-34.564,-70.527,113.3,2.6,md,8,262.1,,,us,usp000e0r2,2014-11-07T01:27:15.750Z,"35 km ESE of Rengo, Chile",earthquake,,,,,reviewed,guc,guc
2005-10-02T12:56:23.900Z,39.98,20.7,21,3.2,md,5,192.7,,,us,usp000e0r1,2014-11-07T01:27:15.748Z,"9 km SSW of Kónitsa, Greece",earthquake,,,,,reviewed,ath,ath
2005-10-02T12:48:22.900Z,19.214,-66.653,24.7,3.3,md,10,286.4,,,us,usp000e0r0,2014-11-07T01:27:15.743Z,"82 km N of Carrizales, Puerto Rico",earthquake,,,,,reviewed,rspr,rspr
2005-10-02T12:47:04.010Z,19.314,-66.651,25.1,3.3,md,12,291.9,,,us,usp000e0qz,2014-11-07T01:27:15.737Z,"93 km N of Carrizales, Puerto Rico",earthquake,,,,,reviewed,rspr,rspr
2005-10-02T12:12:06.100Z,34.74,26.12,4,3.4,md,5,244.8,,,us,usp000e0qy,2014-11-07T01:27:15.734Z,"45 km SE of Ierápetra, Greece",earthquake,,,,,reviewed,ath,ath
2005-10-02T11:55:52.570Z,49.853,18.494,5,3.8,ml,37,58.7,,0.97,us,usp000e0qx,2014-11-07T01:27:15.717Z,"1 km ESE of Doubrava, Czechia",earthquake,,,,,reviewed,us,fur
2005-10-02T11:29:46.860Z,-20.276,-68.875,112.4,3.7,mb,8,142.7,,0.87,us,usp000e0qw,2014-11-07T01:27:15.714Z,"133 km E of Iquique, Chile",earthquake,,10.1,,1,reviewed,us,us
2005-10-02T11:20:25.670Z,50.437,-174.572,47.2,2.5,ml,4,310.8,,,us,usp000e0qv,2019-02-13T03:31:05.651Z,"197 km S of Atka, Alaska",earthquake,,,,,reviewed,aeic,aeic
2005-10-02T10:20:57.490Z,-31.703,-69.351,122.4,4.5,mb,50,36.8,,0.85,us,usp000e0qu,2014-11-07T01:27:15.693Z,"41 km S of Calingasta, Argentina",earthquake,,,,7,reviewed,us,us
2005-10-02T10:07:01.720Z,-1.318,150.416,50,4.4,mb,12,121.3,,1.14,us,usp000e0qt,2014-11-07T01:27:15.689Z,"145 km NNW of Kavieng, Papua New Guinea",earthquake,,,,2,reviewed,us,us
2005-10-02T09:40:50.800Z,39.12,28.28,5,3.8,md,6,170.6,,,us,usp000e0qs,2014-11-07T01:27:15.686Z,"16 km SSE of S?nd?rg?, Turkey",earthquake,,,,,reviewed,ath,ath
2005-10-02T09:02:53.450Z,51.397,-176.08,20,2.5,ml,12,242.6,,,us,usp000e0qr,2019-02-13T03:30:56.328Z,"65 km SE of Adak, Alaska",earthquake,,,,,reviewed,aeic,aeic
2005-10-02T08:54:47.940Z,-24.162,-66.747,185.4,3.7,mb,13,70.5,,1.02,us,usp000e0qq,2014-11-07T01:27:15.677Z,"43 km W of San Antonio de los Cobres, Argentina",earthquake,,10.4,,2,reviewed,us,us
2005-10-02T08:53:35.400Z,16.049,-98.882,16.1,3.9,md,4,246.5,,,us,usp000e0qp,2014-11-07T01:27:15.674Z,"53 km SSW of Barra de Tecoanapa, Mexico",earthquake,,,,,reviewed,unm,unm
2005-10-02T08:12:13.780Z,-18.28,-177.852,614.6,4.4,mb,18,122.6,,1.04,us,usp000e0qn,2014-11-07T01:27:15.668Z,"Fiji region",earthquake,,45.1,,4,reviewed,us,us
2005-10-02T08:12:01.320Z,59.5351,-153.9923,142.8,2.7,ml,,,,0.38,ak,ak005cmxmhc4,2019-02-13T03:30:55.535Z,"28 km E of Pope-Vannoy Landing, Alaska",earthquake,,2.9,,,reviewed,ak,ak
2005-10-02T08:11:11.900Z,-36.937,-71.06,150,3.1,md,8,284.1,,,us,usp000e0qk,2014-11-07T01:27:15.653Z,"28 km WNW of Las Ovejas, Argentina",earthquake,,,,,reviewed,guc,guc
2005-10-02T08:05:11.950Z,-32.861,-179.983,189.7,4.9,mwc,16,81.1,,1.14,us,usp000e0qj,2016-11-10T01:12:22.667Z,"south of the Kermadec Islands",earthquake,,,,,reviewed,us,hrv
2005-10-02T07:44:58.820Z,-5.37,152.127,20,4.9,mwc,35,88.9,,0.85,us,usp000e0qh,2016-11-10T01:12:22.180Z,"114 km S of Kokopo, Papua New Guinea",earthquake,,,,,reviewed,us,hrv
2005-10-02T07:34:06.510Z,-5.642,148.877,20,4.4,mb,9,153.3,,1.07,us,usp000e0qg,2014-11-07T01:27:15.623Z,"96 km NW of Kandrian, Papua New Guinea",earthquake,,,,3,reviewed,us,us
2005-10-02T07:13:37.280Z,1.421,97.817,30,4.2,mb,13,162.3,,0.55,us,usp000e0qf,2014-11-07T01:27:15.616Z,"95 km S of Singkil, Indonesia",earthquake,,,,3,reviewed,us,us
2005-10-02T07:04:09.770Z,44.127,7.242,9.2,2.5,ml,30,42.1,,,us,usp000e0qe,2014-11-07T01:27:15.604Z,"6 km N of Saint-Martin-Vésubie, France",earthquake,,,,,reviewed,gen,gen
2005-10-02T06:54:58.150Z,0.841,-29.652,10,5.3,mwc,118,40.7,,0.79,us,usp000e0qd,2025-12-19T23:23:10.491Z,"central Mid-Atlantic Ridge",earthquake,,,,,reviewed,us,hrv
2005-10-02T06:50:17.500Z,-39.95,176.79,57,3.9,ml,58,172.8,,,us,usp000e0qc,2014-11-07T01:27:15.533Z,"34 km S of Hastings, New Zealand",earthquake,,,,,reviewed,wel,wel
2005-10-02T06:50:04.290Z,17.554,147.315,38.6,4.7,mb,36,66.9,,1.2,us,usp000e0qb,2014-11-07T01:27:15.522Z,"Mariana Islands region",earthquake,,18.2,,13,reviewed,us,us
2005-10-02T06:45:35.440Z,-18.501,-70.942,59.8,4.1,mb,21,103.6,,0.97,us,usp000e0qa,2014-11-07T01:27:15.516Z,"68 km W of Arica, Chile",earthquake,,8.2,,7,reviewed,us,us
2005-10-02T06:41:51.370Z,52.11,-170.817,36.8,2.8,ml,5,214.1,,,us,usp000e0q9,2019-02-13T03:31:03.870Z,"161 km SW of Nikolski, Alaska",earthquake,,,,,reviewed,aeic,aeic
2005-10-02T06:41:35.470Z,11.312,-61.486,19,2.8,md,8,170.5,,,us,usp000e0q8,2014-11-07T01:27:15.509Z,"68 km N of Petit Valley, Trinidad and Tobago",earthquake,,,,,reviewed,trn,trn
2005-10-02T06:28:08.020Z,-5.801,148.916,43.7,4.5,mb,9,143.1,,0.46,us,usp000e0q7,2014-11-07T01:27:15.505Z,"83 km WNW of Kandrian, Papua New Guinea",earthquake,,24,,2,reviewed,us,us
2005-10-02T06:07:01.980Z,36.473,140.849,79.1,3.8,mb,7,155.3,,0.54,us,usp000e0q6,2014-11-07T01:27:15.501Z,"22 km SE of Hitachi, Japan",earthquake,,19.3,,1,reviewed,us,us
2005-10-02T05:59:55.742Z,51.8345,177.0427,112.4,3,ml,,,,0.58,ak,ak005cmw4ddi,2019-02-13T03:31:03.518Z,"285 km ESE of Attu Station, Alaska",earthquake,,1014.6,,,reviewed,ak,ak
2005-10-02T05:23:22.850Z,-19.997,-173.959,20,4.3,mb,15,128.9,,1.19,us,usp000e0q5,2014-11-07T01:27:15.497Z,"46 km ESE of Pangai, Tonga",earthquake,,,,5,reviewed,us,us
2005-10-02T05:14:27.800Z,-33.701,-70.346,104.1,2.9,md,6,222.7,,,us,usp000e0q4,2014-11-07T01:27:15.494Z,"23 km ESE of Puente Alto, Chile",earthquake,,,,,reviewed,guc,guc
2005-10-02T05:11:40.390Z,19.426,-64.703,75.1,3.8,md,7,303.4,,,us,usp000e0q3,2014-11-07T01:27:15.491Z,"121 km N of Cruz Bay, U.S. Virgin Islands",earthquake,,,,,reviewed,rspr,rspr
2005-10-02T05:09:48.200Z,38.98,23.35,23,3.1,ml,8,153.4,,,us,usp000e0q2,2014-11-07T01:27:15.488Z,"17 km E of Istiaía, Greece",earthquake,,,,,reviewed,ath,ath
2005-10-02T04:59:23.900Z,39.29,24.83,24,3,ml,8,119.9,,,us,usp000e0q1,2014-11-07T01:27:15.485Z,"48 km NNE of Skýros, Greece",earthquake,,,,,reviewed,ath,ath
2005-10-02T04:24:51.830Z,-17.908,-179.665,600.1,4.1,mb,12,182.8,,0.76,us,usp000e0q0,2014-11-07T01:27:15.482Z,"109 km E of Levuka, Fiji",earthquake,,30.1,,4,reviewed,us,us
2005-10-02T03:53:38.660Z,-16.681,-70.857,12.4,4.5,mb,12,110.2,,1.36,us,usp000e0pz,2014-11-07T01:27:15.477Z,"7 km NNE of Quinistaquillas, Peru",earthquake,,12.7,,1,reviewed,us,us
2005-10-02T03:52:11.320Z,-5.502,151.768,58.7,4.6,mb,14,86.1,,0.96,us,usp000e0py,2014-11-07T01:27:15.473Z,"139 km SSW of Kokopo, Papua New Guinea",earthquake,,22.1,,2,reviewed,us,us
2005-10-02T03:44:31.100Z,-15.172,167.488,142.1,4.3,mb,39,156.7,,0.85,us,usp000e0px,2014-11-07T01:27:15.460Z,"46 km ESE of Port-Olry, Vanuatu",earthquake,,12.2,,7,reviewed,us,us
2005-10-02T03:19:04.800Z,-16.767,-70.801,10,4.5,mb,17,98.1,,1.06,us,usp000e0pw,2014-11-07T01:27:15.455Z,"8 km ESE of Quinistaquillas, Peru",earthquake,,,,5,reviewed,us,us
2005-10-02T03:15:46.100Z,-16.726,-70.611,14.2,5.1,mwc,48,92.2,,0.89,us,usp000e0pv,2022-05-02T18:01:39.433Z,"8 km ENE of Cuchumbaya, Peru",earthquake,,16.4,,,reviewed,us,hrv
2005-10-02T03:14:47.780Z,51.762,-175.281,50.8,3.6,ml,17,186.7,,0.63,us,usp000e0pu,2019-02-13T03:30:55.144Z,"88 km WSW of Atka, Alaska",earthquake,,5.9,,,reviewed,us,aeic
2005-10-02T02:53:43.450Z,-6.826,125.24,515.8,4.3,mb,14,110.1,,0.48,us,usp000e0pt,2014-11-07T01:27:15.429Z,"195 km N of Dili, Timor Leste",earthquake,,19.1,,6,reviewed,us,us
2005-10-02T02:22:06.710Z,-17.254,-177.309,358,5.2,mwc,216,54.6,,0.83,us,usp000e0ps,2025-12-19T23:23:09.794Z,"Fiji region",earthquake,,7.5,,,reviewed,us,hrv
2005-10-02T02:18:50.300Z,38.6,17.113,10,2.9,md,7,263.5,,,us,usp000e0pr,2014-11-07T01:27:15.346Z,"33 km S of Capo Rizzuto, Italy",earthquake,,,,,reviewed,rom,rom
2005-10-02T02:03:43.750Z,17.925,-67.548,41.6,3.2,md,10,305.8,,,us,usp000e0pq,2014-11-07T01:27:15.323Z,"38 km W of Pole Ojea, Puerto Rico",earthquake,,,,,reviewed,rspr,rspr
2005-10-02T01:53:15.835Z,61.2093,-147.4218,20,3,ml,,,,0.42,ak,ak005cmtp9kv,2019-02-13T03:30:54.194Z,"55 km NW of Tatitlek, Alaska",earthquake,,5.7,,,reviewed,ak,ak
2005-10-02T01:49:43.890Z,-5.401,151.839,50,4.4,mb,27,72.1,,1.05,us,usp000e0pm,2014-11-07T01:27:15.296Z,"126 km SSW of Kokopo, Papua New Guinea",earthquake,,15.2,,9,reviewed,us,us
2005-10-02T01:47:43.560Z,-5.453,151.749,78.8,4.7,mb,39,59.4,,0.67,us,usp000e0pk,2014-11-07T01:27:15.284Z,"135 km SSW of Kokopo, Papua New Guinea",earthquake,,11.3,,11,reviewed,us,us
2005-10-02T01:43:58.730Z,44.543,-116.032,5,3,ml,14,84.8,,0.59,us,usp000e0pj,2014-11-07T01:27:15.277Z,"3 km NNE of Cascade, Idaho",earthquake,,,,,reviewed,us,us
2005-10-02T01:32:52.000Z,43.812,12.428,17.1,2.5,md,12,107.6,,,us,usp000e0ph,2014-11-07T01:27:15.271Z,"1 km NW of Macerata Feltria, Italy",earthquake,,,,,reviewed,rom,rom
2005-10-02T01:21:18.350Z,-16.77,-70.839,10.8,4,mb,12,93.4,,1.19,us,usp000e0pg,2014-11-07T01:27:15.266Z,"4 km ESE of Quinistaquillas, Peru",earthquake,,28.8,,1,reviewed,us,us
2005-10-02T01:14:28.300Z,46.1975,-122.1973333,-1.224,2.8,md,14,108,,0.12,uw,uw10675838,2016-07-22T21:54:19.290Z,"37 km NNE of Amboy, Washington",earthquake,0.354,0.5,0.04,5,reviewed,uw,uw
2005-10-02T01:10:01.810Z,44.527,-115.974,5,3.8,mwr,51,37.6,,0.67,us,usp000e0pe,2022-06-18T10:32:58.888Z,"5 km ENE of Cascade, Idaho",earthquake,,,,,reviewed,us,slm
2005-10-02T01:08:07.830Z,45.715,26.529,104.3,3.4,md,11,146.9,,,us,usp000e0pd,2014-11-07T01:27:15.242Z,"13 km W of Nereju Mic, Romania",earthquake,,,,,reviewed,irsa,irsa
2005-10-02T01:05:53.180Z,38.8178333,-122.7868333,1.148,2.6,md,59,42,0.01171,0.09,nc,nc21486995,2017-01-12T17:43:35.930Z,"5 km W of Cobb, California",earthquake,0.14,0.21,0.14,40,reviewed,nc,nc
2005-10-01T23:59:25.990Z,-16.715,-70.757,1.5,4.8,mb,35,74.5,,1.05,us,usp000e0pb,2014-11-07T01:27:15.224Z,"8 km WNW of Cuchumbaya, Peru",earthquake,,10.2,,4,reviewed,us,us
2005-10-01T23:19:33.400Z,45.041,5.738,8,3.5,ml,117,21,,,us,usp000e0pa,2014-11-07T01:27:15.175Z,"2 km E of Saint-Georges-de-Commiers, France",earthquake,,,,,reviewed,ldg,ldg
2005-10-01T22:39:42.340Z,-16.804,-70.982,30,4.7,mb,13,133.8,,1.09,us,usp000e0p9,2014-11-07T01:27:15.169Z,"12 km WSW of Quinistaquillas, Peru",earthquake,,,,1,reviewed,us,us
2005-10-01T22:38:30.320Z,-16.717,-70.607,28.8,4.6,mb,16,133.4,,1.47,us,usp000e0p8,2014-11-07T01:27:15.158Z,"9 km ENE of Cuchumbaya, Peru",earthquake,,45.5,,1,reviewed,us,us
2005-10-01T22:22:08.500Z,-10.709,165.082,10,4.3,mb,8,154.9,,1.03,us,usp000e0p7,2014-11-07T01:27:15.135Z,"78 km W of Lata, Solomon Islands",earthquake,,,,2,reviewed,us,us
2005-10-01T22:19:51.310Z,-16.635,-70.794,20,5.3,mwc,72,70.4,,0.98,us,usp000e0p6,2022-05-02T18:01:37.930Z,"15 km NE of Quinistaquillas, Peru",earthquake,,0,,,reviewed,us,hrv
2005-10-01T22:16:58.341Z,59.9712,-140.312,0,3.3,ml,,,,1.35,ak,ak005clig6kq,2019-02-13T03:30:51.991Z,"57 km NW of Yakutat, Alaska",other event,,0,,,reviewed,ak,ak
2005-10-01T22:06:14.350Z,-16.698,-70.724,30,4.9,mb,15,133.6,,0.85,us,usp000e0p4,2014-11-07T01:27:15.087Z,"7 km NW of Cuchumbaya, Peru",earthquake,,,,1,reviewed,us,us
2005-10-01T21:54:09.340Z,-23.609,-63.632,547.4,5.6,mwb,417,24.2,,0.78,us,usp000e0p3,2022-05-02T18:01:36.305Z,"65 km SE of Embarcación, Argentina",earthquake,,,,,reviewed,us,us
2005-10-01T21:39:59.900Z,-29.948,-68.9,150,3.8,md,9,179.3,,,us,usp000e0p2,2014-11-07T01:27:14.912Z,"35 km NNW of San José de Jáchal, Argentina",earthquake,,,,,reviewed,guc,guc
2005-10-01T21:32:02.530Z,39.836,-1.536,7,3.1,ml,45,54.3,,,us,usp000e0p1,2014-11-07T01:27:14.877Z,"5 km SW of Henarejos, Spain",earthquake,,,,,reviewed,mdd,ldg
2005-10-01T21:27:19.600Z,17.867,-102.416,14.1,4.3,md,16,191.8,,,us,usp000e0p0,2014-11-07T01:27:14.867Z,"14 km SSW of Playa Azul, Mexico",earthquake,,,,,reviewed,unm,unm
2005-10-01T21:25:04.262Z,60.2661,-146.2894,15,2.7,ml,,,,0.87,ak,ak005clhwk8q,2019-02-13T03:30:43.832Z,"42 km SW of Cordova, Alaska",earthquake,,1.6,,,reviewed,ak,ak
2005-10-01T21:21:12.930Z,19.3183333,-155.213,7.899,2.75,ml,36,131,,0.12,hv,hv5451642,2020-03-31T21:28:58.510Z,"13 km S of Volcano, Hawaii",earthquake,0.43,0.45,0.12,11,reviewed,hv,hv
2005-10-01T19:53:56.400Z,16.01,-99.246,16,4.5,mb,25,236.7,,,us,usp000e0ny,2014-11-07T01:27:14.832Z,"72 km SSW of Copala, Mexico",earthquake,,,,3,reviewed,unm,us
2005-10-01T19:36:43.620Z,45.47,151.268,86.7,4.1,mb,14,222.5,,0.64,us,usp000e0nx,2014-11-07T01:27:14.824Z,"Kuril Islands",earthquake,,16.8,,2,reviewed,us,us
2005-10-01T18:49:25.500Z,34.78,26.06,25,3.3,md,4,238.2,,,us,usp000e0nw,2014-11-07T01:27:14.819Z,"38 km SE of Ierápetra, Greece",earthquake,,,,,reviewed,ath,ath
2005-10-01T18:45:30.550Z,-23.004,-68.648,17,4.6,mb,35,59.2,,1.1,us,usp000e0nv,2014-11-07T01:27:14.796Z,"46 km WSW of San Pedro de Atacama, Chile",earthquake,,6.2,,2,reviewed,us,us
2005-10-01T18:05:49.640Z,-7.292,129.205,150,4.5,mb,11,189.1,,1.06,us,usp000e0ns,2014-11-07T01:27:14.759Z,"278 km ENE of Lospalos, Timor Leste",earthquake,,,,3,reviewed,us,us
2005-10-01T16:57:18.180Z,43.031,134.621,392.9,4.1,mb,26,107.8,,0.85,us,usp000e0nr,2014-11-07T01:27:14.747Z,"60 km ENE of Preobrazheniye, Russia",earthquake,,11.6,,3,reviewed,us,us
2005-10-01T16:46:56.400Z,40.06,24.78,23,3.6,md,16,100.3,,,us,usp000e0nq,2014-11-07T01:27:14.738Z,"31 km NW of Mýrina, Greece",earthquake,,,,,reviewed,ath,ath
2005-10-01T15:42:22.120Z,31.525,140.153,77.6,3.9,mb,17,120.9,,0.85,us,usp000e0nn,2014-11-07T01:27:14.722Z,"Izu Islands, Japan region",earthquake,,,,2,reviewed,us,us
2005-10-01T14:34:47.090Z,51.514,-176.068,27.8,3.2,ml,10,230.7,,,us,usp000e0nm,2019-02-13T03:30:41.336Z,"Andreanof Islands, Aleutian Islands, Alaska",earthquake,,,,,reviewed,aeic,aeic
2005-10-01T14:10:25.030Z,27.464,142.577,1.4,4.6,mwr,42,137.1,,0.87,us,usp000e0nk,2014-11-07T01:27:14.691Z,"Bonin Islands, Japan region",earthquake,,24.2,,,reviewed,us,nied
2005-10-01T13:59:41.480Z,50.911,179.385,14.6,3.2,ml,6,354.8,,,us,usp000e0nj,2019-02-13T03:30:40.935Z,"297 km WSW of Adak, Alaska",earthquake,,,,,reviewed,aeic,aeic
2005-10-01T13:51:39.080Z,24.045,122.548,39.7,4.7,mwc,74,100.4,,0.91,us,usp000e0nh,2016-11-10T01:12:19.168Z,"65 km SW of Yonakuni, Japan",earthquake,,6,,,reviewed,us,hrv
2005-10-01T13:35:50.800Z,34.58,25.84,39,3.3,md,5,254,,,us,usp000e0nf,2014-11-07T01:27:14.616Z,"48 km S of Ierápetra, Greece",earthquake,,,,,reviewed,ath,ath
2005-10-01T13:24:55.000Z,-33.935,-70.252,114.9,4.5,mb,32,64.6,,0.66,us,usp000e0ne,2014-11-07T01:27:14.593Z,"45 km NE of Machalí, Chile",earthquake,,3.7,,2,reviewed,us,us
2005-10-01T13:04:16.800Z,48.38,6.64,10,2.5,ml,20,119.4,,,us,usp000e0nd,2014-11-07T01:27:14.577Z,"4 km N of Rambervillers, France",earthquake,,,,,reviewed,str,ldg
2005-10-01T13:00:25.330Z,25.972,127.175,48.3,4.3,mwr,35,115.9,,0.85,us,usp000e0nc,2014-11-07T01:27:14.554Z,"52 km WSW of Itoman, Japan",earthquake,,13.8,,,reviewed,us,nied
2005-10-01T11:54:11.310Z,46.1945,-122.19,-1.881,2.7,md,16,66,,0.19,uw,uw10675548,2016-07-22T21:54:16.070Z,"37 km NNE of Amboy, Washington",earthquake,0.028,0.05,0.04,6,reviewed,uw,uw
2005-10-01T11:51:30.040Z,-5.427,152.136,57.2,4.8,mb,24,116.3,,0.74,us,usp000e0na,2014-11-07T01:27:14.531Z,"120 km S of Kokopo, Papua New Guinea",earthquake,,17.7,,7,reviewed,us,us
2005-10-01T11:38:06.640Z,54.126,-162.327,18.4,2.6,ml,7,290.2,,,us,usp000e0n9,2019-02-13T03:30:48.418Z,"104 km S of King Cove, Alaska",earthquake,,,,,reviewed,aeic,aeic
2005-10-01T11:28:37.420Z,52.289,-168.153,0.1,2.9,ml,5,239.1,,,us,usp000e0n8,2019-02-13T03:30:48.060Z,"86 km SSE of Nikolski, Alaska",earthquake,,,,,reviewed,aeic,aeic
2005-10-01T11:28:21.400Z,20.479,145.381,80.5,4.8,mb,61,64.7,,0.9,us,usp000e0n7,2014-11-07T01:27:14.468Z,"Maug Islands region, Northern Mariana Islands",earthquake,,,,18,reviewed,us,us
2005-10-01T11:25:14.520Z,-8.119,158.512,153.8,4.2,mb,11,131.4,,1.37,us,usp000e0n6,2014-11-07T01:27:14.455Z,"119 km W of Buala, Solomon Islands",earthquake,,,,5,reviewed,us,us
2005-10-01T11:15:09.630Z,-5.599,151.743,64.8,4.7,mb,20,92.6,,0.73,us,usp000e0n5,2014-11-07T01:27:14.434Z,"150 km SSW of Kokopo, Papua New Guinea",earthquake,,15.6,,8,reviewed,us,us
2005-10-01T11:12:02.220Z,35.6471667,-121.0898333,4.276,2.83,md,62,108,0.04685,0.08,nc,nc21486861,2017-01-12T17:38:26.250Z,"9 km E of San Simeon, California",earthquake,0.13,0.3,0.1,74,reviewed,nc,nc
2005-10-01T09:49:36.670Z,35.5691667,-120.8333333,5.622,3.17,ml,70,40,0.06937,0.07,nc,nc21486845,2017-01-12T17:37:06.470Z,"11 km W of Templeton, California",earthquake,0.13,0.45,,6,reviewed,nc,nc
2005-10-01T08:51:28.390Z,-3.498,131.026,36.7,4.8,mb,42,71.9,,0.78,us,usp000e0n2,2014-11-07T01:27:14.380Z,"234 km E of Amahai, Indonesia",earthquake,,,,23,reviewed,us,us
2005-10-01T08:41:43.900Z,36.792,14.305,20.5,3.6,ml,15,136.9,,,us,usp000e0n1,2014-11-07T01:27:14.368Z,"16 km SW of Scoglitti, Italy",earthquake,,,,,reviewed,rom,rom
2005-10-01T08:35:21.400Z,36.792,14.299,21.3,3.6,ml,14,137.3,,,us,usp000e0n0,2014-11-07T01:27:14.355Z,"16 km SW of Scoglitti, Italy",earthquake,,,,,reviewed,rom,rom
2005-10-01T07:52:43.900Z,46.1975,-122.1916667,-1.049,2.5,md,15,66,,0.06,uw,uw10675518,2016-07-22T21:54:15.330Z,"37 km NNE of Amboy, Washington",earthquake,0.072,0.08,0.03,5,reviewed,uw,uw
2005-10-01T07:50:07.700Z,24.47,121.86,23.2,4.3,mb,13,97,,,us,usp000e0mz,2014-11-07T01:27:14.342Z,"33 km SSE of Yilan, Taiwan",earthquake,,,,1,reviewed,tap,us
2005-10-01T07:32:24.340Z,-6.999,149.787,68.8,4.4,mb,9,112.1,,0.71,us,usp000e0my,2014-11-07T01:27:14.334Z,"91 km SSE of Kandrian, Papua New Guinea",earthquake,,21,,2,reviewed,us,us
2005-10-01T07:01:46.840Z,46.632,-76.5233333,12.88,3.06,md,13,248,,0.3,ld,ld2005100100,2016-05-27T19:19:08.340Z,"43 km WNW of Saint-Boniface, Canada",earthquake,1.15,0.75,,,reviewed,ld,ld
2005-10-01T06:59:26.000Z,18.843,-67.411,12.6,2.9,md,6,309.9,,,us,usp000e0mx,2014-11-07T01:27:14.326Z,"50 km NW of San Antonio, Puerto Rico",earthquake,,,,,reviewed,rspr,rspr
2005-10-01T06:25:56.010Z,-5.552,151.853,59.9,4.4,mb,12,118.5,,0.59,us,usp000e0mw,2014-11-07T01:27:14.314Z,"141 km SSW of Kokopo, Papua New Guinea",earthquake,,22.3,,4,reviewed,us,us
2005-10-01T06:20:00.214Z,52.6641,-166.5421,4,2.5,ml,,,,0.31,ak,ak005cl8xz9x,2019-02-13T03:30:46.964Z,"134 km S of Unalaska, Alaska",earthquake,,36,,,reviewed,ak,ak
2005-10-01T06:04:27.260Z,52.395,-164.744,1,3.1,ml,9,285.2,,,us,usp000e0mv,2019-02-13T03:30:46.587Z,"203 km SE of Unalaska, Alaska",earthquake,,,,,reviewed,aeic,aeic
2005-10-01T06:03:56.490Z,32.0486667,-115.8003333,5.787,2.99,ml,12,267,0.6022,0.25,ci,ci14189192,2016-03-07T23:10:30.317Z,"62km SSW of Progreso, B.C., MX",earthquake,2.12,31.61,0.23,87,reviewed,ci,ci
2005-10-01T05:57:03.050Z,40.58,-106.609,5,3.9,ml,29,92.8,,0.7,us,usp000e0mt,2022-07-12T21:13:25.622Z,"21 km ENE of Steamboat Springs, Colorado",earthquake,,,,,reviewed,us,us
2005-10-01T05:44:39.420Z,53.561,-167.209,8.2,2.8,ml,12,184.4,,,us,usp000e0ms,2019-02-13T03:30:36.596Z,"56 km SW of Unalaska, Alaska",earthquake,,,,,reviewed,aeic,aeic
2005-10-01T05:23:28.290Z,19.288,145.456,170.9,4.4,mb,23,99.8,,0.84,us,usp000e0mr,2014-11-07T01:27:14.236Z,"Maug Islands region, Northern Mariana Islands",earthquake,,28.7,,3,reviewed,us,us
2005-10-01T05:06:34.590Z,35.437,140.479,63.5,4.3,mb,19,126.4,,,us,usp000e0mq,2014-11-07T01:27:14.222Z,"16 km SE of T?gane, Japan",earthquake,,,,1,reviewed,jma,us
2005-10-01T04:42:19.600Z,37.66,21.4,18,3.2,md,6,170.4,,,us,usp000e0mp,2014-11-07T01:27:14.214Z,"3 km WSW of Pýrgos, Greece",earthquake,,,,,reviewed,ath,ath
2005-10-01T04:40:19.100Z,16.417,-98.487,8.8,3.6,md,5,195.1,,,us,usp000e0mn,2014-11-07T01:27:14.206Z,"3 km NNE of Montecillos, Mexico",earthquake,,,,,reviewed,unm,unm
2005-10-01T04:24:08.780Z,-5.623,151.748,62.3,4.4,mb,13,115.2,,0.56,us,usp000e0mm,2014-11-07T01:27:14.194Z,"152 km SSW of Kokopo, Papua New Guinea",earthquake,,20.5,,4,reviewed,us,us
2005-10-01T04:16:21.150Z,12.598,40.822,10,4.5,mb,38,76.8,,1.21,us,usp000e0mk,2014-11-07T01:27:14.155Z,"91 km NNW of Semera, Ethiopia",earthquake,,,,15,reviewed,us,us
2005-10-01T03:12:53.770Z,-5.603,151.674,81.6,4.8,mb,17,115.3,,0.95,us,usp000e0mj,2014-11-07T01:27:14.137Z,"154 km SSW of Kokopo, Papua New Guinea",earthquake,,22,,3,reviewed,us,us
2005-10-01T03:00:20.160Z,35.525,140.136,69.3,4.3,mb,11,154.9,,0.2,us,usp000e0mh,2014-11-07T01:27:14.127Z,"4 km E of Ichihara, Japan",earthquake,,11.2,,1,reviewed,us,us
2005-10-01T02:53:53.650Z,-31.426,-68.566,58.3,3.6,mb,22,156.5,,1.2,us,usp000e0mg,2014-11-07T01:27:14.097Z,"4 km WNW of Albardón, Argentina",earthquake,,18.1,,1,reviewed,us,us
2005-10-01T02:43:41.440Z,31.496,140.232,102.8,4,mb,12,135.2,,0.82,us,usp000e0mf,2014-11-07T01:27:14.084Z,"Izu Islands, Japan region",earthquake,,14.4,,2,reviewed,us,us
2005-10-01T02:28:19.350Z,-5.545,151.722,55.4,4.8,mb,22,115.1,,0.84,us,usp000e0me,2014-11-07T01:27:14.061Z,"146 km SSW of Kokopo, Papua New Guinea",earthquake,,17.9,,8,reviewed,us,us
2005-10-01T01:22:10.520Z,34.0175,-117.1641667,11.074,3.04,ml,94,29,0.04657,0.23,ci,ci14189148,2022-06-17T02:57:22.394Z,"5km SSE of Redlands, CA",earthquake,0.24,0.66,0.16,328,reviewed,ci,ci
2005-10-01T00:56:53.710Z,18.514,-67.867,24.5,2.9,md,4,335.5,,,us,usp000e0mc,2014-11-07T01:27:14.045Z,"57 km E of Punta Cana, Dominican Republic",earthquake,,,,,reviewed,rspr,rspr
2005-10-01T00:42:07.970Z,53.519,-167.265,90.9,2.8,m,6,186.3,,,us,usp000e0mb,2019-02-13T03:30:35.463Z,"62 km SW of Unalaska, Alaska",earthquake,,,,,reviewed,aeic,aeic
2005-10-01T00:35:21.440Z,-5.577,151.761,100.7,4.3,mb,13,172,,0.58,us,usp000e0ma,2014-11-07T01:27:14.020Z,"147 km SSW of Kokopo, Papua New Guinea",earthquake,,52.9,,4,reviewed,us,us
2005-10-01T00:33:46.950Z,-5.442,151.666,65.6,4.2,mb,17,118.3,,0.94,us,usp000e0m9,2014-11-07T01:27:14.003Z,"138 km SSW of Kokopo, Papua New Guinea",earthquake,,21.3,,4,reviewed,us,us
2005-10-01T00:16:31.090Z,2.754,96.007,25.2,4.3,mb,13,196.1,,1,us,usp000e0m8,2014-11-07T01:27:13.990Z,"51 km NW of Sinabang, Indonesia",earthquake,,,,2,reviewed,us,us
2005-10-01T00:15:12.910Z,-6.559,130.735,16.9,4.5,mb,43,92.7,,0.73,us,usp000e0m7,2014-11-07T01:27:13.949Z,"245 km WSW of Tual, Indonesia",earthquake,,20.2,,9,reviewed,us,us
2005-10-01T00:05:42.720Z,-5.556,151.689,74.4,4.3,mb,9,171.9,,0.32,us,usp000e0m6,2014-11-07T01:27:13.441Z,"148 km SSW of Kokopo, Papua New Guinea",earthquake,,20.7,,1,reviewed,us,us
